    0.00000000 1.754550e-71
    0.10000000 1.034809e-70
    0.20000000 6.019145e-70
    0.30000000 3.452941e-69
    0.40000000 1.953544e-68
    0.50000000 1.090027e-67
    0.60000000 5.998342e-67
    0.70000000 3.255404e-66
    0.80000000 1.742443e-65
    0.90000000 9.197969e-65
    1.00000000 4.788563e-64
    1.10000000 2.458660e-63
    1.20000000 1.245006e-62
    1.30000000 6.217621e-62
    1.40000000 3.062365e-61
    1.50000000 1.487543e-60
    1.60000000 7.126264e-60
    1.70000000 3.366930e-59
    1.80000000 1.568867e-58
    1.90000000 7.209717e-58
    2.00000000 3.267609e-57
    2.10000000 1.460568e-56
    2.20000000 6.438626e-56
    2.30000000 2.799268e-55
    2.40000000 1.200261e-54
    2.50000000 5.075593e-54
    2.60000000 2.116790e-53
    2.70000000 8.706598e-53
    2.80000000 3.531824e-52
    2.90000000 1.412959e-51
    3.00000000 5.574936e-51
    3.10000000 2.169352e-50
    3.20000000 8.325303e-50
    3.30000000 3.151011e-49
    3.40000000 1.176196e-48
    3.50000000 4.330013e-48
    3.60000000 1.572094e-47
    3.70000000 5.629215e-47
    3.80000000 1.987911e-46
    3.90000000 6.923504e-46
    4.00000000 2.378125e-45
    4.10000000 8.056073e-45
    4.20000000 2.691485e-44
    4.30000000 8.868297e-44
    4.40000000 2.881831e-43
    4.50000000 9.235842e-43
    4.60000000 2.919204e-42
    4.70000000 9.099806e-42
    4.80000000 2.797562e-41
    4.90000000 8.482174e-41
    5.00000000 2.536381e-40
    5.10000000 7.480000e-40
    5.20000000 2.175547e-39
    5.30000000 6.240442e-39
    5.40000000 1.765396e-38
    5.50000000 4.925480e-38
    5.60000000 1.355298e-37
    5.70000000 3.677911e-37
    5.80000000 9.843447e-37
    5.90000000 2.598203e-36
    6.00000000 6.763615e-36
    6.10000000 1.736459e-35
    6.20000000 4.396731e-35
    6.30000000 1.097931e-34
    6.40000000 2.703961e-34
    6.50000000 6.567579e-34
    6.60000000 1.573223e-33
    6.70000000 3.716677e-33
    6.80000000 8.659630e-33
    6.90000000 1.989865e-32
    7.00000000 4.509495e-32
    7.10000000 1.007887e-31
    7.20000000 2.221651e-31
    7.30000000 4.829694e-31
    7.40000000 1.035483e-30
    7.50000000 2.189508e-30
    7.60000000 4.565936e-30
    7.70000000 9.390592e-30
    7.80000000 1.904741e-29
    7.90000000 3.810296e-29
    8.00000000 7.517291e-29
    8.10000000 1.462662e-28
    8.20000000 2.806766e-28
    8.30000000 5.311881e-28
    8.40000000 9.914490e-28
    8.50000000 1.825039e-27
    8.60000000 3.313248e-27
    8.70000000 5.932196e-27
    8.80000000 1.047507e-26
    8.90000000 1.824224e-26
    9.00000000 3.133135e-26
    9.10000000 5.307134e-26
    9.20000000 8.865859e-26
    9.30000000 1.460701e-25
    9.40000000 2.373459e-25
    9.50000000 3.803488e-25
    9.60000000 6.011214e-25
    9.70000000 9.369624e-25
    9.80000000 1.440330e-24
    9.90000000 2.183643e-24
   10.00000000 3.264984e-24
   10.10000000 4.814602e-24
   10.20000000 7.001958e-24
   10.30000000 1.004289e-23
   10.40000000 1.420618e-23
   10.50000000 1.981874e-23
   10.60000000 2.726808e-23
   10.70000000 3.700095e-23
   10.80000000 4.951662e-23
   10.90000000 6.535353e-23
   11.00000000 8.506814e-23
   11.10000000 1.092055e-22
   11.20000000 1.382618e-22
   11.30000000 1.726392e-22
   11.40000000 2.125968e-22
   11.50000000 2.581985e-22
   11.60000000 3.092649e-22
   11.70000000 3.653317e-22
   11.80000000 4.256219e-22
   11.90000000 4.890355e-22
   12.00000000 5.541618e-22
   12.10000000 6.193165e-22
   12.20000000 6.826036e-22
   12.30000000 7.420007e-22
   12.40000000 7.954628e-22
   12.50000000 8.410374e-22
   12.60000000 8.769817e-22
   12.70000000 9.018735e-22
   12.80000000 9.147039e-22
   12.90000000 9.149456e-22
   13.00000000 9.025887e-22
   13.10000000 8.781411e-22
   13.20000000 8.425944e-22
   13.30000000 7.973567e-22
   13.40000000 7.441604e-22
   13.50000000 6.849523e-22
   13.60000000 6.217759e-22
   13.70000000 5.566566e-22
   13.80000000 4.914967e-22
   13.90000000 4.279901e-22
   14.00000000 3.675586e-22
   14.10000000 3.113145e-22
   14.20000000 2.600471e-22
   14.30000000 2.142320e-22
   14.40000000 1.740591e-22
   14.50000000 1.394725e-22
   14.60000000 1.102201e-22
   14.70000000 8.590380e-23
   14.80000000 6.603040e-23
   14.90000000 5.005591e-23
   15.00000000 3.742369e-23
   15.10000000 2.759419e-23
   15.20000000 2.006636e-23
   15.30000000 1.439128e-23
   15.40000000 1.017911e-23
   15.50000000 7.100685e-24
   15.60000000 4.885066e-24
   15.70000000 3.314519e-24
   15.80000000 2.217943e-24
   15.90000000 1.463727e-24
   16.00000000 9.526856e-25
   16.10000000 6.115317e-25
   16.20000000 3.871401e-25
   16.30000000 2.417114e-25
   16.40000000 1.488353e-25
   16.50000000 9.038465e-26
   16.60000000 5.413314e-26
   16.70000000 3.197507e-26
   16.80000000 1.862686e-26
   16.90000000 1.070157e-26
   17.00000000 6.063669e-27
   17.10000000 3.388466e-27
   17.20000000 1.867457e-27
   17.30000000 1.015028e-27
   17.40000000 5.441078e-28
   17.50000000 2.876550e-28
   17.60000000 1.499818e-28
   17.70000000 7.712324e-29
   17.80000000 3.911215e-29
   17.90000000 1.956221e-29
   18.00000000 9.649481e-30
   18.10000000 4.694289e-30
   18.20000000 2.252245e-30
   18.30000000 1.065715e-30
   18.40000000 4.973327e-31
   18.50000000 2.288942e-31
   18.60000000 1.039000e-31
   18.70000000 4.652151e-32
   18.80000000 2.056516e-32
   18.90000000 9.022124e-33
   19.00000000 4.046890e-33
   19.10000000 2.147709e-33
   19.20000000 1.972423e-33
   19.30000000 3.441531e-33
   19.40000000 7.737052e-33
   19.50000000 1.817340e-32
   19.60000000 4.253124e-32
   19.70000000 9.833603e-32
   19.80000000 2.242973e-31
   19.90000000 5.045877e-31
   20.00000000 1.119522e-30
   20.10000000 2.449676e-30
   20.20000000 5.286457e-30
   20.30000000 1.125124e-29
   20.40000000 2.361652e-29
   20.50000000 4.888900e-29
   20.60000000 9.981276e-29
   20.70000000 2.009744e-28
   20.80000000 3.990938e-28
   20.90000000 7.816082e-28
   21.00000000 1.509673e-27
   21.10000000 2.875785e-27
   21.20000000 5.402684e-27
   21.30000000 1.001019e-26
   21.40000000 1.829175e-26
   21.50000000 3.296458e-26
   21.60000000 5.858947e-26
   21.70000000 1.027002e-25
   21.80000000 1.775427e-25
   21.90000000 3.027012e-25
   22.00000000 5.089851e-25
   22.10000000 8.440647e-25
   22.20000000 1.380467e-24
   22.30000000 2.226672e-24
   22.40000000 3.542142e-24
   22.50000000 5.557194e-24
   22.60000000 8.598541e-24
   22.70000000 1.312121e-23
   22.80000000 1.974706e-23
   22.90000000 2.930966e-23
   23.00000000 4.290411e-23
   23.10000000 6.193936e-23
   23.20000000 8.818896e-23
   23.30000000 1.238344e-22
   23.40000000 1.714938e-22
   23.50000000 2.342260e-22
   23.60000000 3.155015e-22
   23.70000000 4.191288e-22
   23.80000000 5.491277e-22
   23.90000000 7.095432e-22
   24.00000000 9.041991e-22
   24.10000000 1.136394e-21
   24.20000000 1.408555e-21
   24.30000000 1.721861e-21
   24.40000000 2.075880e-21
   24.50000000 2.468232e-21
   24.60000000 2.894339e-21
   24.70000000 3.347285e-21
   24.80000000 3.817821e-21
   24.90000000 4.294556e-21
   25.00000000 4.764317e-21
   25.10000000 5.212699e-21
   25.20000000 5.624766e-21
   25.30000000 5.985852e-21
   25.40000000 6.282422e-21
   25.50000000 6.502915e-21
   25.60000000 6.638480e-21
   25.70000000 6.683578e-21
   25.80000000 6.636346e-21
   25.90000000 6.498735e-21
   26.00000000 6.276366e-21
   26.10000000 5.978159e-21
   26.20000000 5.615731e-21
   26.30000000 5.202654e-21
   26.40000000 4.753606e-21
   26.50000000 4.283524e-21
   26.60000000 3.806790e-21
   26.70000000 3.336540e-21
   26.80000000 2.884121e-21
   26.90000000 2.458727e-21
   27.00000000 2.067221e-21
   27.10000000 1.714128e-21
   27.20000000 1.401778e-21
   27.30000000 1.130563e-21
   27.40000000 8.992703e-22
   27.50000000 7.054486e-22
   27.60000000 5.457832e-22
   27.70000000 4.164422e-22
   27.80000000 3.133783e-22
   27.90000000 2.325749e-22
   28.00000000 1.702302e-22
   28.10000000 1.228824e-22
   28.20000000 8.748284e-23
   28.30000000 6.142365e-23
   28.40000000 4.253321e-23
   28.50000000 2.904693e-23
   28.60000000 1.956375e-23
   28.70000000 1.299522e-23
   28.80000000 8.513244e-24
   28.90000000 5.500296e-24
   29.00000000 3.504748e-24
   29.10000000 2.202456e-24
   29.20000000 1.365015e-24
   29.30000000 8.343478e-25
   29.40000000 5.029637e-25
   29.50000000 2.990239e-25
   29.60000000 1.753294e-25
   29.70000000 1.013873e-25
   29.80000000 5.782183e-26
   29.90000000 3.252220e-26
   30.00000000 1.804046e-26
   30.10000000 9.869499e-27
   30.20000000 5.325033e-27
   30.30000000 2.833539e-27
   30.40000000 1.487016e-27
   30.50000000 7.696301e-28
   30.60000000 3.928511e-28
   30.70000000 1.977669e-28
   30.80000000 9.818816e-29
   30.90000000 4.807776e-29
   31.00000000 2.321716e-29
   31.10000000 1.105741e-29
   31.20000000 5.193711e-30
   31.30000000 2.405926e-30
   31.40000000 1.099180e-30
   31.50000000 4.952789e-31
   31.60000000 2.201393e-31
   31.70000000 9.661416e-32
   31.80000000 4.211168e-32
   31.90000000 1.884357e-32
   32.00000000 1.014626e-32
   32.10000000 9.673142e-33
   32.20000000 1.720368e-32
   32.30000000 3.860424e-32
   32.40000000 9.000175e-32
   32.50000000 2.088496e-31
   32.60000000 4.787113e-31
   32.70000000 1.082450e-30
   32.80000000 2.414018e-30
   32.90000000 5.309532e-30
   33.00000000 1.151733e-29
   33.10000000 2.463923e-29
   33.20000000 5.198548e-29
   33.30000000 1.081724e-28
   33.40000000 2.219884e-28
   33.50000000 4.492867e-28
   33.60000000 8.968016e-28
   33.70000000 1.765423e-27
   33.80000000 3.427525e-27
   33.90000000 6.562842e-27
   34.00000000 1.239318e-26
   34.10000000 2.308092e-26
   34.20000000 4.239387e-26
   34.30000000 7.679492e-26
   34.40000000 1.371960e-25
   34.50000000 2.417296e-25
   34.60000000 4.200468e-25
   34.70000000 7.198551e-25
   34.80000000 1.216668e-24
   34.90000000 2.028049e-24
   35.00000000 3.333990e-24
   35.10000000 5.405424e-24
   35.20000000 8.643203e-24
   35.30000000 1.363010e-23
   35.40000000 2.119840e-23
   35.50000000 3.251521e-23
   35.60000000 4.918690e-23
   35.70000000 7.338241e-23
   35.80000000 1.079727e-22
   35.90000000 1.566807e-22
   36.00000000 2.242314e-22
   36.10000000 3.164877e-22
   36.20000000 4.405516e-22
   36.30000000 6.048063e-22
   36.40000000 8.188707e-22
   36.50000000 1.093437e-21
   36.60000000 1.439965e-21
   36.70000000 1.870205e-21
   36.80000000 2.395556e-21
   36.90000000 3.026236e-21
   37.00000000 3.770326e-21
   37.10000000 4.632702e-21
   37.20000000 5.613962e-21
   37.30000000 6.709404e-21
   37.40000000 7.908207e-21
   37.50000000 9.192879e-21
   37.60000000 1.053913e-20
   37.70000000 1.191618e-20
   37.80000000 1.328768e-20
   37.90000000 1.461305e-20
   38.00000000 1.584936e-20
   38.10000000 1.695362e-20
   38.20000000 1.788514e-20
   38.30000000 1.860810e-20
   38.40000000 1.909374e-20
   38.50000000 1.932234e-20
   38.60000000 1.928447e-20
   38.70000000 1.898171e-20
   38.80000000 1.842648e-20
   38.90000000 1.764124e-20
   39.00000000 1.665694e-20
   39.10000000 1.551103e-20
   39.20000000 1.424511e-20
   39.30000000 1.290240e-20
   39.40000000 1.152536e-20
   39.50000000 1.015356e-20
   39.60000000 8.821883e-21
   39.70000000 7.559341e-21
   39.80000000 6.388311e-21
   39.90000000 5.324363e-21
   40.00000000 4.376519e-21
   40.10000000 3.547884e-21
   40.20000000 2.836544e-21
   40.30000000 2.236605e-21
   40.40000000 1.739275e-21
   40.50000000 1.333912e-21
   40.60000000 1.008940e-21
   40.70000000 7.526322e-22
   40.80000000 5.537069e-22
   40.90000000 4.017507e-22
   41.00000000 2.874834e-22
   41.10000000 2.028843e-22
   41.20000000 1.412094e-22
   41.30000000 9.693001e-23
   41.40000000 6.561943e-23
   41.50000000 4.381130e-23
   41.60000000 2.884824e-23
   41.70000000 1.873406e-23
   41.80000000 1.199842e-23
   41.90000000 7.578719e-24
   42.00000000 4.721141e-24
   42.10000000 2.900532e-24
   42.20000000 1.757470e-24
   42.30000000 1.050213e-24
   42.40000000 6.189374e-25
   42.50000000 3.597456e-25
   42.60000000 2.062166e-25
   42.70000000 1.165820e-25
   42.80000000 6.500077e-26
   42.90000000 3.574252e-26
   43.00000000 1.938347e-26
   43.10000000 1.036710e-26
   43.20000000 5.468426e-27
   43.30000000 2.844769e-27
   43.40000000 1.459524e-27
   43.50000000 7.385076e-28
   43.60000000 3.685345e-28
   43.70000000 1.813764e-28
   43.80000000 8.803656e-29
   43.90000000 4.214294e-29
   44.00000000 1.989601e-29
   44.10000000 9.263753e-30
   44.20000000 4.253911e-30
   44.30000000 1.926527e-30
   44.40000000 8.605491e-31
   44.50000000 3.792791e-31
   44.60000000 1.653182e-31
   44.70000000 7.222048e-32
   44.80000000 3.399160e-32
   44.90000000 2.273099e-32
   45.00000000 3.016578e-32
   45.10000000 6.215334e-32
   45.20000000 1.429003e-31
   45.30000000 3.316439e-31
   45.40000000 7.621309e-31
   45.50000000 1.728469e-30
   45.60000000 3.866545e-30
   45.70000000 8.530459e-30
   45.80000000 1.856105e-29
   45.90000000 3.983020e-29
   46.00000000 8.429502e-29
   46.10000000 1.759425e-28
   46.20000000 3.621755e-28
   46.30000000 7.352701e-28
   46.40000000 1.472157e-27
   46.50000000 2.906972e-27
   46.60000000 5.661180e-27
   46.70000000 1.087308e-26
   46.80000000 2.059575e-26
   46.90000000 3.847531e-26
   47.00000000 7.088691e-26
   47.10000000 1.288040e-25
   47.20000000 2.308194e-25
   47.30000000 4.079385e-25
   47.40000000 7.110440e-25
   47.50000000 1.222300e-24
   47.60000000 2.072232e-24
   47.70000000 3.464803e-24
   47.80000000 5.713447e-24
   47.90000000 9.291745e-24
   48.00000000 1.490307e-23
   48.10000000 2.357403e-23
   48.20000000 3.677657e-23
   48.30000000 5.658328e-23
   48.40000000 8.585872e-23
   48.50000000 1.284873e-22
   48.60000000 1.896337e-22
   48.70000000 2.760261e-22
   48.80000000 3.962455e-22
   48.90000000 5.609937e-22
   49.00000000 7.833053e-22
   49.10000000 1.078658e-21
   49.20000000 1.464926e-21
   49.30000000 1.962126e-21
   49.40000000 2.591898e-21
   49.50000000 3.376667e-21
   49.60000000 4.338485e-21
   49.70000000 5.497526e-21
   49.80000000 6.870305e-21
   49.90000000 8.467675e-21
   50.00000000 1.029276e-20
   50.10000000 1.233897e-20
   50.20000000 1.458833e-20
   50.30000000 1.701028e-20
   50.40000000 1.956126e-20
   50.50000000 2.218512e-20
   50.60000000 2.481453e-20
   50.70000000 2.737348e-20
   50.80000000 2.978058e-20
   50.90000000 3.195332e-20
   51.00000000 3.381256e-20
   51.10000000 3.528741e-20
   51.20000000 3.631958e-20
   51.30000000 3.686730e-20
   51.40000000 3.690807e-20
   51.50000000 3.644020e-20
   51.60000000 3.548295e-20
   51.70000000 3.407517e-20
   51.80000000 3.227274e-20
   51.90000000 3.014485e-20
   52.00000000 2.776961e-20
   52.10000000 2.522935e-20
   52.20000000 2.260589e-20
   52.30000000 1.997638e-20
   52.40000000 1.740970e-20
   52.50000000 1.496392e-20
   52.60000000 1.268466e-20
   52.70000000 1.060454e-20
   52.80000000 8.743473e-21
   52.90000000 7.109774e-21
   53.00000000 5.701736e-21
   53.10000000 4.509598e-21
   53.20000000 3.517612e-21
   53.30000000 2.706061e-21
   53.40000000 2.053084e-21
   53.50000000 1.536226e-21
   53.60000000 1.133661e-21
   53.70000000 8.250697e-22
   53.80000000 5.922125e-22
   53.90000000 4.192219e-22
   54.00000000 2.926778e-22
   54.10000000 2.015185e-22
   54.20000000 1.368421e-22
   54.30000000 9.164397e-23
   54.40000000 6.052956e-23
   54.50000000 3.942853e-23
   54.60000000 2.532988e-23
   54.70000000 1.604852e-23
   54.80000000 1.002805e-23
   54.90000000 6.179843e-24
   55.00000000 3.755933e-24
   55.10000000 2.251322e-24
   55.20000000 1.330874e-24
   55.30000000 7.759176e-25
   55.40000000 4.461427e-25
   55.50000000 2.529947e-25
   55.60000000 1.414909e-25
   55.70000000 7.804139e-26
   55.80000000 4.245227e-26
   55.90000000 2.277490e-26
   56.00000000 1.205012e-26
   56.10000000 6.287900e-27
   56.20000000 3.235932e-27
   56.30000000 1.642376e-27
   56.40000000 8.221014e-28
   56.50000000 4.058425e-28
   56.60000000 1.975919e-28
   56.70000000 9.487685e-29
   56.80000000 4.492942e-29
   56.90000000 2.098364e-29
   57.00000000 9.665205e-30
   57.10000000 4.390605e-30
   57.20000000 1.967156e-30
   57.30000000 8.694830e-31
   57.40000000 3.796802e-31
   57.50000000 1.651856e-31
   57.60000000 7.504820e-32
   57.70000000 4.378666e-32
   57.80000000 4.824449e-32
   57.90000000 9.202927e-32
   58.00000000 2.081856e-31
   58.10000000 4.818945e-31
   58.20000000 1.107209e-30
   58.30000000 2.511672e-30
   58.40000000 5.620265e-30
   58.50000000 1.240349e-29
   58.60000000 2.699681e-29
   58.70000000 5.795102e-29
   58.80000000 1.226843e-28
   58.90000000 2.561513e-28
   59.00000000 5.274528e-28
   59.10000000 1.071149e-27
   59.20000000 2.145338e-27
   59.30000000 4.237611e-27
   59.40000000 8.255165e-27
   59.50000000 1.586024e-26
   59.60000000 3.005200e-26
   59.70000000 5.615862e-26
   59.80000000 1.034996e-25
   59.90000000 1.881225e-25
   60.00000000 3.372267e-25
   60.10000000 5.961873e-25
   60.20000000 1.039496e-24
   60.30000000 1.787485e-24
   60.40000000 3.031388e-24
   60.50000000 5.070141e-24
   60.60000000 8.363305e-24
   60.70000000 1.360552e-23
   60.80000000 2.182891e-23
   60.90000000 3.454047e-23
   61.00000000 5.390188e-23
   61.10000000 8.295813e-23
   61.20000000 1.259196e-22
   61.30000000 1.884983e-22
   61.40000000 2.782921e-22
   61.50000000 4.052039e-22
   61.60000000 5.818699e-22
   61.70000000 8.240576e-22
   61.80000000 1.150982e-21
   61.90000000 1.585474e-21
   62.00000000 2.153918e-21
   62.10000000 2.885883e-21
   62.20000000 3.813357e-21
   62.30000000 4.969536e-21
   62.40000000 6.387097e-21
   62.50000000 8.096004e-21
   62.60000000 1.012086e-20
   62.70000000 1.247795e-20
   62.80000000 1.517221e-20
   62.90000000 1.819423e-20
   63.00000000 2.151781e-20
   63.10000000 2.509815e-20
   63.20000000 2.887121e-20
   63.30000000 3.275425e-20
   63.40000000 3.664795e-20
   63.50000000 4.044000e-20
   63.60000000 4.401008e-20
   63.70000000 4.723593e-20
   63.80000000 5.000026e-20
   63.90000000 5.219772e-20
   64.00000000 5.374155e-20
   64.10000000 5.456929e-20
   64.20000000 5.464694e-20
   64.30000000 5.397130e-20
   64.40000000 5.257015e-20
   64.50000000 5.050043e-20
   64.60000000 4.784432e-20
   64.70000000 4.470387e-20
   64.80000000 4.119450e-20
   64.90000000 3.743802e-20
   65.00000000 3.355566e-20
   65.10000000 2.966185e-20
   65.20000000 2.585891e-20
   65.30000000 2.223318e-20
   65.40000000 1.885264e-20
   65.50000000 1.576603e-20
   65.60000000 1.300325e-20
   65.70000000 1.057697e-20
   65.80000000 8.484956e-21
   65.90000000 6.713013e-21
   66.00000000 5.237992e-21
   66.10000000 4.030804e-21
   66.20000000 3.059130e-21
   66.30000000 2.289726e-21
   66.40000000 1.690241e-21
   66.50000000 1.230533e-21
   66.60000000 8.835215e-22
   66.70000000 6.256343e-22
   66.80000000 4.369214e-22
   66.90000000 3.009301e-22
   67.00000000 2.044124e-22
   67.10000000 1.369394e-22
   67.20000000 9.047508e-23
   67.30000000 5.895342e-23
   67.40000000 3.788510e-23
   67.50000000 2.401084e-23
   67.60000000 1.500810e-23
   67.70000000 9.251738e-24
   67.80000000 5.624715e-24
   67.90000000 3.372540e-24
   68.00000000 1.994312e-24
   68.10000000 1.163077e-24
   68.20000000 6.689652e-25
   68.30000000 3.794703e-25
   68.40000000 2.122910e-25
   68.50000000 1.171291e-25
   68.60000000 6.373492e-26
   68.70000000 3.420342e-26
   68.80000000 1.810260e-26
   68.90000000 9.449133e-27
   69.00000000 4.864322e-27
   69.10000000 2.469631e-27
   69.20000000 1.236578e-27
   69.30000000 6.106468e-28
   69.40000000 2.973981e-28
   69.50000000 1.428452e-28
   69.60000000 6.766634e-29
   69.70000000 3.161253e-29
   69.80000000 1.456552e-29
   69.90000000 6.618745e-30
   70.00000000 2.966381e-30
   70.10000000 1.311557e-30
   70.20000000 5.729113e-31
   70.30000000 2.493447e-31
   70.40000000 1.133250e-31
   70.50000000 6.608826e-32
   70.60000000 7.259358e-32
   70.70000000 1.379268e-31
   70.80000000 3.109337e-31
   70.90000000 7.174247e-31
   71.00000000 1.643203e-30
   71.10000000 3.715943e-30
   71.20000000 8.289122e-30
   71.30000000 1.823650e-29
   71.40000000 3.956911e-29
   71.50000000 8.467415e-29
   71.60000000 1.787001e-28
   71.70000000 3.719447e-28
   71.80000000 7.635041e-28
   71.90000000 1.545695e-27
   72.00000000 3.086139e-27
   72.10000000 6.076965e-27
   72.20000000 1.180150e-26
   72.30000000 2.260307e-26
   72.40000000 4.269499e-26
   72.50000000 7.953638e-26
   72.60000000 1.461282e-25
   72.70000000 2.647780e-25
   72.80000000 4.731611e-25
   72.90000000 8.339033e-25
   73.00000000 1.449445e-24
   73.10000000 2.484661e-24
   73.20000000 4.200607e-24
   73.30000000 7.003841e-24
   73.40000000 1.151702e-23
   73.50000000 1.867769e-23
   73.60000000 2.987347e-23
   73.70000000 4.712244e-23
   73.80000000 7.330762e-23
   73.90000000 1.124734e-22
   74.00000000 1.701885e-22
   74.10000000 2.539744e-22
   74.20000000 3.737912e-22
   74.30000000 5.425597e-22
   74.40000000 7.766861e-22
   74.50000000 1.096536e-21
   74.60000000 1.526791e-21
   74.70000000 2.096602e-21
   74.80000000 2.839433e-21
   74.90000000 3.792509e-21
   75.00000000 4.995755e-21
   75.10000000 6.490155e-21
   75.20000000 8.315501e-21
   75.30000000 1.050754e-20
   75.40000000 1.309463e-20
   75.50000000 1.609404e-20
   75.60000000 1.950815e-20
   75.70000000 2.332096e-20
   75.80000000 2.749517e-20
   75.90000000 3.197023e-20
   76.00000000 3.666185e-20
   76.10000000 4.146318e-20
   76.20000000 4.624770e-20
   76.30000000 5.087415e-20
   76.40000000 5.519295e-20
   76.50000000 5.905402e-20
   76.60000000 6.231531e-20
   76.70000000 6.485141e-20
   76.80000000 6.656157e-20
   76.90000000 6.737629e-20
   77.00000000 6.726204e-20
   77.10000000 6.622355e-20
   77.20000000 6.430345e-20
   77.30000000 6.157941e-20
   77.40000000 5.815890e-20
   77.50000000 5.417217e-20
   77.60000000 4.976406e-20
   77.70000000 4.508527e-20
   77.80000000 4.028404e-20
   77.90000000 3.549857e-20
   78.00000000 3.085091e-20
   78.10000000 2.644263e-20
   78.20000000 2.235222e-20
   78.30000000 1.863443e-20
   78.40000000 1.532114e-20
   78.50000000 1.242354e-20
   78.60000000 9.935258e-21
   78.70000000 7.835962e-21
   78.80000000 6.095157e-21
   78.90000000 4.675811e-21
   79.00000000 3.537597e-21
   79.10000000 2.639607e-21
   79.20000000 1.942448e-21
   79.30000000 1.409741e-21
   79.40000000 1.009040e-21
   79.50000000 7.122901e-22
   79.60000000 4.958894e-22
   79.70000000 3.404805e-22
   79.80000000 2.305574e-22
   79.90000000 1.539733e-22
   80.00000000 1.014124e-22
   80.10000000 6.587431e-23
   80.20000000 4.220079e-23
   80.30000000 2.666273e-23
   80.40000000 1.661376e-23
   80.50000000 1.020965e-23
   80.60000000 6.187752e-24
   80.70000000 3.698576e-24
   80.80000000 2.180297e-24
   80.90000000 1.267582e-24
   81.00000000 7.268018e-25
   81.10000000 4.109938e-25
   81.20000000 2.292103e-25
   81.30000000 1.260701e-25
   81.40000000 6.838641e-26
   81.50000000 3.658532e-26
   81.60000000 1.930293e-26
   81.70000000 1.004429e-26
   81.80000000 5.154594e-27
   81.90000000 2.608850e-27
   82.00000000 1.302217e-27
   82.10000000 6.410573e-28
   82.20000000 3.112360e-28
   82.30000000 1.490261e-28
   82.40000000 7.037430e-29
   82.50000000 3.277522e-29
   82.60000000 1.505420e-29
   82.70000000 6.819546e-30
   82.80000000 3.046985e-30
   82.90000000 1.343337e-30
   83.00000000 5.858206e-31
   83.10000000 2.562984e-31
   83.20000000 1.212956e-31
   83.30000000 8.221099e-32
   83.40000000 1.099725e-31
   83.50000000 2.254013e-31
   83.60000000 5.134085e-31
   83.70000000 1.179707e-30
   83.80000000 2.683954e-30
   83.90000000 6.026266e-30
   84.00000000 1.334600e-29
   84.10000000 2.915022e-29
   84.20000000 6.279331e-29
   84.30000000 1.334027e-28
   84.40000000 2.795087e-28
   84.50000000 5.775713e-28
   84.60000000 1.177051e-27
   84.70000000 2.365724e-27
   84.80000000 4.689349e-27
   84.90000000 9.167278e-27
   85.00000000 1.767452e-26
   85.10000000 3.360736e-26
   85.20000000 6.302320e-26
   85.30000000 1.165590e-25
   85.40000000 2.126037e-25
   85.50000000 3.824505e-25
   85.60000000 6.785142e-25
   85.70000000 1.187195e-24
   85.80000000 2.048636e-24
   85.90000000 3.486476e-24
   86.00000000 5.851782e-24
   86.10000000 9.686547e-24
   86.20000000 1.581355e-23
   86.30000000 2.546062e-23
   86.40000000 4.042854e-23
   86.50000000 6.331208e-23
   86.60000000 9.778326e-23
   86.70000000 1.489436e-22
   86.80000000 2.237477e-22
   86.90000000 3.314933e-22
   87.00000000 4.843624e-22
   87.10000000 6.979839e-22
   87.20000000 9.919730e-22
   87.30000000 1.390381e-21
   87.40000000 1.921972e-21
   87.50000000 2.620231e-21
   87.60000000 3.522993e-21
   87.70000000 4.671575e-21
   87.80000000 6.109339e-21
   87.90000000 7.879607e-21
   88.00000000 1.002292e-20
   88.10000000 1.257371e-20
   88.20000000 1.555651e-20
   88.30000000 1.898192e-20
   88.40000000 2.284271e-20
   88.50000000 2.711031e-20
   88.60000000 3.173224e-20
   88.70000000 3.663080e-20
   88.80000000 4.170341e-20
   88.90000000 4.682482e-20
   89.00000000 5.185134e-20
   89.10000000 5.662698e-20
   89.20000000 6.099106e-20
   89.30000000 6.478707e-20
   89.40000000 6.787190e-20
   89.50000000 7.012470e-20
   89.60000000 7.145481e-20
   89.70000000 7.180775e-20
   89.80000000 7.116896e-20
   89.90000000 6.956476e-20
   90.00000000 6.706060e-20
   90.10000000 6.375657e-20
   90.20000000 5.978082e-20
   90.30000000 5.528130e-20
   90.40000000 5.041666e-20
   90.50000000 4.534707e-20
   90.60000000 4.022572e-20
   90.70000000 3.519151e-20
   90.80000000 3.036347e-20
   90.90000000 2.583713e-20
   91.00000000 2.168286e-20
   91.10000000 1.794602e-20
   91.20000000 1.464871e-20
   91.30000000 1.179261e-20
   91.40000000 9.362673e-21
   91.50000000 7.331101e-21
   91.60000000 5.661324e-21
   91.70000000 4.311677e-21
   91.80000000 3.238574e-21
   91.90000000 2.399059e-21
   92.00000000 1.752699e-21
   92.10000000 1.262854e-21
   92.20000000 8.973844e-22
   92.30000000 6.289024e-22
   92.40000000 4.346777e-22
   92.50000000 2.962995e-22
   92.60000000 1.991929e-22
   92.70000000 1.320676e-22
   92.80000000 8.635710e-23
   92.90000000 5.569026e-23
   93.00000000 3.541929e-23
   93.10000000 2.221672e-23
   93.20000000 1.374356e-23
   93.30000000 8.384907e-24
   93.40000000 5.045179e-24
   93.50000000 2.993879e-24
   93.60000000 1.752150e-24
   93.70000000 1.011319e-24
   93.80000000 5.756837e-25
   93.90000000 3.231910e-25
   94.00000000 1.789427e-25
   94.10000000 9.771209e-26
   94.20000000 5.262135e-26
   94.30000000 2.794827e-26
   94.40000000 1.463954e-26
   94.50000000 7.562743e-27
   94.60000000 3.853103e-27
   94.70000000 1.936071e-27
   94.80000000 9.594261e-28
   94.90000000 4.689009e-28
   95.00000000 2.260112e-28
   95.10000000 1.074381e-28
   95.20000000 5.036935e-29
   95.30000000 2.328919e-29
   95.40000000 1.062001e-29
   95.50000000 4.776339e-30
   95.60000000 2.119144e-30
   95.70000000 9.287098e-31
   95.80000000 4.050237e-31
   95.90000000 1.831673e-31
   96.00000000 1.033701e-31
   96.10000000 1.067019e-31
   96.20000000 1.955590e-31
   96.30000000 4.352160e-31
   96.40000000 9.973376e-31
   96.50000000 2.271396e-30
   96.60000000 5.108562e-30
   96.70000000 1.133399e-29
   96.80000000 2.480068e-29
   96.90000000 5.352128e-29
   97.00000000 1.139120e-28
   97.10000000 2.391067e-28
   97.20000000 4.949867e-28
   97.30000000 1.010589e-27
   97.40000000 2.034864e-27
   97.50000000 4.040875e-27
   97.60000000 7.913979e-27
   97.70000000 1.528600e-26
   97.80000000 2.911870e-26
   97.90000000 5.470534e-26
   98.00000000 1.013601e-25
   98.10000000 1.852181e-25
   98.20000000 3.337946e-25
   98.30000000 5.932731e-25
   98.40000000 1.039943e-24
   98.50000000 1.797809e-24
   98.60000000 3.065188e-24
   98.70000000 5.154068e-24
   98.80000000 8.547174e-24
   98.90000000 1.397894e-23
   99.00000000 2.254787e-23
   99.10000000 3.586875e-23
   99.20000000 5.627381e-23
   99.30000000 8.707146e-23
   99.40000000 1.328693e-22
   99.50000000 1.999646e-22
   99.60000000 2.967978e-22
   99.70000000 4.344581e-22
   99.80000000 6.272121e-22
   99.90000000 8.930183e-22
  100.00000000 1.253966e-21
  100.10000000 1.736563e-21
  100.20000000 2.371782e-21
  100.30000000 3.194761e-21
  100.40000000 4.244058e-21
  100.50000000 5.560371e-21
  100.60000000 7.184650e-21
  100.70000000 9.155602e-21
  100.80000000 1.150661e-20
  100.90000000 1.426224e-20
  101.00000000 1.743441e-20
  101.10000000 2.101871e-20
  101.20000000 2.499104e-20
  101.30000000 2.930503e-20
  101.40000000 3.389060e-20
  101.50000000 3.865413e-20
  101.60000000 4.348023e-20
  101.70000000 4.823555e-20
  101.80000000 5.277425e-20
  101.90000000 5.694509e-20
  102.00000000 6.059962e-20
  102.10000000 6.360086e-20
  102.20000000 6.583175e-20
  102.30000000 6.720279e-20
  102.40000000 6.765791e-20
  102.50000000 6.717834e-20
  102.60000000 6.578387e-20
  102.70000000 6.353147e-20
  102.80000000 6.051149e-20
  102.90000000 5.684159e-20
  103.00000000 5.265917e-20
  103.10000000 4.811286e-20
  103.20000000 4.335386e-20
  103.30000000 3.852776e-20
  103.40000000 3.376752e-20
  103.50000000 2.918798e-20
  103.60000000 2.488217e-20
  103.70000000 2.091953e-20
  103.80000000 1.734583e-20
  103.90000000 1.418461e-20
  104.00000000 1.143982e-20
  104.10000000 9.099146e-21
  104.20000000 7.137751e-21
  104.30000000 5.522065e-21
  104.40000000 4.213287e-21
  104.50000000 3.170444e-21
  104.60000000 2.352873e-21
  104.70000000 1.722091e-21
  104.80000000 1.243064e-21
  104.90000000 8.849322e-22
  105.00000000 6.213067e-22
  105.10000000 4.302110e-22
  105.20000000 2.937895e-22
  105.30000000 1.978657e-22
  105.40000000 1.314269e-22
  105.50000000 8.609488e-23
  105.60000000 5.562242e-23
  105.70000000 3.544066e-23
  105.80000000 2.227066e-23
  105.90000000 1.380206e-23
  106.00000000 8.435950e-24
  106.10000000 5.085148e-24
  106.20000000 3.023100e-24
  106.30000000 1.772478e-24
  106.40000000 1.024917e-24
  106.50000000 5.844885e-25
  106.60000000 3.287325e-25
  106.70000000 1.823428e-25
  106.80000000 9.975028e-26
  106.90000000 5.381694e-26
  107.00000000 2.863540e-26
  107.10000000 1.502682e-26
  107.20000000 7.776964e-27
  107.30000000 3.969471e-27
  107.40000000 1.998180e-27
  107.50000000 9.920097e-28
  107.60000000 4.857096e-28
  107.70000000 2.345400e-28
  107.80000000 1.116957e-28
  107.90000000 5.246088e-29
  108.00000000 2.430047e-29
  108.10000000 1.110138e-29
  108.20000000 5.001947e-30
  108.30000000 2.223311e-30
  108.40000000 9.761850e-31
  108.50000000 4.265993e-31
  108.60000000 1.934454e-31
  108.70000000 1.096033e-31
  108.80000000 1.133888e-31
  108.90000000 2.073528e-31
  109.00000000 4.597971e-31
  109.10000000 1.049773e-30
  109.20000000 2.382043e-30
  109.30000000 5.337823e-30
  109.40000000 1.179936e-29
  109.50000000 2.572467e-29
  109.60000000 5.531251e-29
  109.70000000 1.172943e-28
  109.80000000 2.453069e-28
  109.90000000 5.059671e-28
  110.00000000 1.029234e-27
  110.10000000 2.064835e-27
  110.20000000 4.085413e-27
  110.30000000 7.971977e-27
  110.40000000 1.534177e-26
  110.50000000 2.911819e-26
  110.60000000 5.450454e-26
  110.70000000 1.006191e-25
  110.80000000 1.831924e-25
  110.90000000 3.289380e-25
  111.00000000 5.825054e-25
  111.10000000 1.017338e-24
  111.20000000 1.752307e-24
  111.30000000 2.976694e-24
  111.40000000 4.986982e-24
  111.50000000 8.239879e-24
  111.60000000 1.342713e-23
  111.70000000 2.157869e-23
  111.80000000 3.420159e-23
  111.90000000 5.346221e-23
  112.00000000 8.241892e-23
  112.10000000 1.253102e-22
  112.20000000 1.878993e-22
  112.30000000 2.778712e-22
  112.40000000 4.052670e-22
  112.50000000 5.829326e-22
  112.60000000 8.269416e-22
  112.70000000 1.156940e-21
  112.80000000 1.596342e-21
  112.90000000 2.172305e-21
  113.00000000 2.915378e-21
  113.10000000 3.858767e-21
  113.20000000 5.037110e-21
  113.30000000 6.484759e-21
  113.40000000 8.233522e-21
  113.50000000 1.030996e-20
  113.60000000 1.273232e-20
  113.70000000 1.550735e-20
  113.80000000 1.862717e-20
  113.90000000 2.206662e-20
  114.00000000 2.578125e-20
  114.10000000 2.970651e-20
  114.20000000 3.375816e-20
  114.30000000 3.783426e-20
  114.40000000 4.181875e-20
  114.50000000 4.558652e-20
  114.60000000 4.900959e-20
  114.70000000 5.196432e-20
  114.80000000 5.433864e-20
  114.90000000 5.603917e-20
  115.00000000 5.699727e-20
  115.10000000 5.717364e-20
  115.20000000 5.656099e-20
  115.30000000 5.518456e-20
  115.40000000 5.310037e-20
  115.50000000 5.039147e-20
  115.60000000 4.716239e-20
  115.70000000 4.353254e-20
  115.80000000 3.962887e-20
  115.90000000 3.557859e-20
  116.00000000 3.150251e-20
  116.10000000 2.750940e-20
  116.20000000 2.369171e-20
  116.30000000 2.012292e-20
  116.40000000 1.685641e-20
  116.50000000 1.392575e-20
  116.60000000 1.134623e-20
  116.70000000 9.117250e-21
  116.80000000 7.225296e-21
  116.90000000 5.647117e-21
  117.00000000 4.352886e-21
  117.10000000 3.309080e-21
  117.20000000 2.480942e-21
  117.30000000 1.834448e-21
  117.40000000 1.337746e-21
  117.50000000 9.621024e-22
  117.60000000 6.824146e-22
  117.70000000 4.773696e-22
  117.80000000 3.293371e-22
  117.90000000 2.240814e-22
  118.00000000 1.503663e-22
  118.10000000 9.951180e-23
  118.20000000 6.494984e-23
  118.30000000 4.180815e-23
  118.40000000 2.654137e-23
  118.50000000 1.661747e-23
  118.60000000 1.026092e-23
  118.70000000 6.248657e-24
  118.80000000 3.752897e-24
  118.90000000 2.222931e-24
  119.00000000 1.298568e-24
  119.10000000 7.481401e-25
  119.20000000 4.250896e-25
  119.30000000 2.382086e-25
  119.40000000 1.316479e-25
  119.50000000 7.175460e-26
  119.60000000 3.857136e-26
  119.70000000 2.044841e-26
  119.80000000 1.069138e-26
  119.90000000 5.512989e-27
  120.00000000 2.803625e-27
  120.10000000 1.406152e-27
  120.20000000 6.955429e-28
  120.30000000 3.393087e-28
  120.40000000 1.632471e-28
  120.50000000 7.745965e-29
  120.60000000 3.624809e-29
  120.70000000 1.672921e-29
  120.80000000 7.614707e-30
  120.90000000 3.418656e-30
  121.00000000 1.514597e-30
  121.10000000 6.640652e-31
  121.20000000 2.927934e-31
  121.30000000 1.410715e-31
  121.40000000 9.943307e-32
  121.50000000 1.370543e-31
  121.60000000 2.810192e-31
  121.70000000 6.339494e-31
  121.80000000 1.440209e-30
  121.90000000 3.238764e-30
  122.00000000 7.187729e-30
  122.10000000 1.573374e-29
  122.20000000 3.396724e-29
  122.30000000 7.232180e-29
  122.40000000 1.518651e-28
  122.50000000 3.145039e-28
  122.60000000 6.423529e-28
  122.70000000 1.293900e-27
  122.80000000 2.570437e-27
  122.90000000 5.036082e-27
  123.00000000 9.731012e-27
  123.10000000 1.854397e-26
  123.20000000 3.485192e-26
  123.30000000 6.459964e-26
  123.40000000 1.180899e-25
  123.50000000 2.128998e-25
  123.60000000 3.785444e-25
  123.70000000 6.638010e-25
  123.80000000 1.147991e-24
  123.90000000 1.958025e-24
  124.00000000 3.293650e-24
  124.10000000 5.464069e-24
  124.20000000 8.939934e-24
  124.30000000 1.442553e-23
  124.40000000 2.295666e-23
  124.50000000 3.603007e-23
  124.60000000 5.577002e-23
  124.70000000 8.513653e-23
  124.80000000 1.281771e-22
  124.90000000 1.903200e-22
  125.00000000 2.787006e-22
  125.10000000 4.025044e-22
  125.20000000 5.733012e-22
  125.30000000 8.053310e-22
  125.40000000 1.115695e-21
  125.50000000 1.524389e-21
  125.60000000 2.054119e-21
  125.70000000 2.729826e-21
  125.80000000 3.577862e-21
  125.90000000 4.624785e-21
  126.00000000 5.895750e-21
  126.10000000 7.412520e-21
  126.20000000 9.191199e-21
  126.30000000 1.123978e-20
  126.40000000 1.355573e-20
  126.50000000 1.612380e-20
  126.60000000 1.891435e-20
  126.70000000 2.188239e-20
  126.80000000 2.496763e-20
  126.90000000 2.809568e-20
  127.00000000 3.118036e-20
  127.10000000 3.412731e-20
  127.20000000 3.683854e-20
  127.30000000 3.921770e-20
  127.40000000 4.117573e-20
  127.50000000 4.263634e-20
  127.60000000 4.354095e-20
  127.70000000 4.385259e-20
  127.80000000 4.355842e-20
  127.90000000 4.267056e-20
  128.00000000 4.122531e-20
  128.10000000 3.928068e-20
  128.20000000 3.691249e-20
  128.30000000 3.420954e-20
  128.40000000 3.126803e-20
  128.50000000 2.818598e-20
  128.60000000 2.505793e-20
  128.70000000 2.197034e-20
  128.80000000 1.899799e-20
  128.90000000 1.620160e-20
  129.00000000 1.362660e-20
  129.10000000 1.130308e-20
  129.20000000 9.246668e-21
  129.30000000 7.460247e-21
  129.40000000 5.936091e-21
  129.50000000 4.658298e-21
  129.60000000 3.605234e-21
  129.70000000 2.751814e-21
  129.80000000 2.071496e-21
  129.90000000 1.537901e-21
  130.00000000 1.126036e-21
  130.10000000 8.131214e-22
  130.20000000 5.790792e-22
  130.30000000 4.067242e-22
  130.40000000 2.817354e-22
  130.50000000 1.924697e-22
  130.60000000 1.296769e-22
  130.70000000 8.616723e-23
  130.80000000 5.646785e-23
  130.90000000 3.649553e-23
  131.00000000 2.326256e-23
  131.10000000 1.462362e-23
  131.20000000 9.066330e-24
  131.30000000 5.543546e-24
  131.40000000 3.342898e-24
  131.50000000 1.988099e-24
  131.60000000 1.166091e-24
  131.70000000 6.745375e-25
  131.80000000 3.848214e-25
  131.90000000 2.165169e-25
  132.00000000 1.201445e-25
  132.10000000 6.574991e-26
  132.20000000 3.548673e-26
  132.30000000 1.888931e-26
  132.40000000 9.916210e-27
  132.50000000 5.133986e-27
  132.60000000 2.621459e-27
  132.70000000 1.320112e-27
  132.80000000 6.556290e-28
  132.90000000 3.211329e-28
  133.00000000 1.551282e-28
  133.10000000 7.390543e-29
  133.20000000 3.472494e-29
  133.30000000 1.609115e-29
  133.40000000 7.353925e-30
  133.50000000 3.314896e-30
  133.60000000 1.474432e-30
  133.70000000 6.486957e-31
  133.80000000 2.861989e-31
  133.90000000 1.360150e-31
  134.00000000 9.082296e-32
  134.10000000 1.174332e-31
  134.20000000 2.346518e-31
  134.30000000 5.252575e-31
  134.40000000 1.188850e-30
  134.50000000 2.665597e-30
  134.60000000 5.899028e-30
  134.70000000 1.287672e-29
  134.80000000 2.772169e-29
  134.90000000 5.885936e-29
  135.00000000 1.232512e-28
  135.10000000 2.545341e-28
  135.20000000 5.184184e-28
  135.30000000 1.041344e-27
  135.40000000 2.062944e-27
  135.50000000 4.030510e-27
  135.60000000 7.766261e-27
  135.70000000 1.475854e-26
  135.80000000 2.766013e-26
  135.90000000 5.112631e-26
  136.00000000 9.319961e-26
  136.10000000 1.675572e-25
  136.20000000 2.970924e-25
  136.30000000 5.195166e-25
  136.40000000 8.959561e-25
  136.50000000 1.523889e-24
  136.60000000 2.556227e-24
  136.70000000 4.228876e-24
  136.80000000 6.899695e-24
  136.90000000 1.110233e-23
  137.00000000 1.761886e-23
  137.10000000 2.757535e-23
  137.20000000 4.256411e-23
  137.30000000 6.479559e-23
  137.40000000 9.728072e-23
  137.50000000 1.440415e-22
  137.60000000 2.103428e-22
  137.70000000 3.029334e-22
  137.80000000 4.302751e-22
  137.90000000 6.027324e-22
  138.00000000 8.326881e-22
  138.10000000 1.134539e-21
  138.20000000 1.524531e-21
  138.30000000 2.020376e-21
  138.40000000 2.640630e-21
  138.50000000 3.403787e-21
  138.60000000 4.327096e-21
  138.70000000 5.425131e-21
  138.80000000 6.708157e-21
  138.90000000 8.180421e-21
  139.00000000 9.838469e-21
  139.10000000 1.166968e-20
  139.20000000 1.365116e-20
  139.30000000 1.574924e-20
  139.40000000 1.791963e-20
  139.50000000 2.010842e-20
  139.60000000 2.225390e-20
  139.70000000 2.428924e-20
  139.80000000 2.614574e-20
  139.90000000 2.775668e-20
  140.00000000 2.906119e-20
  140.10000000 3.000811e-20
  140.20000000 3.055930e-20
  140.30000000 3.069217e-20
  140.40000000 3.040123e-20
  140.50000000 2.969847e-20
  140.60000000 2.861254e-20
  140.70000000 2.718681e-20
  140.80000000 2.547648e-20
  140.90000000 2.354507e-20
  141.00000000 2.146051e-20
  141.10000000 1.929120e-20
  141.20000000 1.710244e-20
  141.30000000 1.495328e-20
  141.40000000 1.289419e-20
  141.50000000 1.096556e-20
  141.60000000 9.197026e-21
  141.70000000 7.607523e-21
  141.80000000 6.206096e-21
  141.90000000 4.993133e-21
  142.00000000 3.961934e-21
  142.10000000 3.100421e-21
  142.20000000 2.392839e-21
  142.30000000 1.821318e-21
  142.40000000 1.367217e-21
  142.50000000 1.012205e-21
  142.60000000 7.390590e-22
  142.70000000 5.321928e-22
  142.80000000 3.779535e-22
  142.90000000 2.647202e-22
  143.00000000 1.828585e-22
  143.10000000 1.245727e-22
  143.20000000 8.369695e-23
  143.30000000 5.545951e-23
  143.40000000 3.624280e-23
  143.50000000 2.335861e-23
  143.60000000 1.484744e-23
  143.70000000 9.307552e-24
  143.80000000 5.754384e-24
  143.90000000 3.508663e-24
  144.00000000 2.109909e-24
  144.10000000 1.251311e-24
  144.20000000 7.318910e-25
  144.30000000 4.221889e-25
  144.40000000 2.401854e-25
  144.50000000 1.347615e-25
  144.60000000 7.457007e-26
  144.70000000 4.069514e-26
  144.80000000 2.190282e-26
  144.90000000 1.162618e-26
  145.00000000 6.086297e-27
  145.10000000 3.142309e-27
  145.20000000 1.600014e-27
  145.30000000 8.034862e-28
  145.40000000 3.979351e-28
  145.50000000 1.943684e-28
  145.60000000 9.363071e-29
  145.70000000 4.448264e-29
  145.80000000 2.084215e-29
  145.90000000 9.631119e-30
  146.00000000 4.389400e-30
  146.10000000 1.973322e-30
  146.20000000 8.758925e-31
  146.30000000 3.858324e-31
  146.40000000 1.734987e-31
  146.50000000 9.102719e-32
  146.60000000 7.924792e-32
  146.70000000 1.292169e-31
  146.80000000 2.760266e-31
  146.90000000 6.210426e-31
  147.00000000 1.395069e-30
  147.10000000 3.097396e-30
  147.20000000 6.784918e-30
  147.30000000 1.465890e-29
  147.40000000 3.123508e-29
  147.50000000 6.563935e-29
  147.60000000 1.360396e-28
  147.70000000 2.780649e-28
  147.80000000 5.605394e-28
  147.90000000 1.114412e-27
  148.00000000 2.185066e-27
  148.10000000 4.225351e-27
  148.20000000 8.058244e-27
  148.30000000 1.515645e-26
  148.40000000 2.811474e-26
  148.50000000 5.143395e-26
  148.60000000 9.279940e-26
  148.70000000 1.651277e-25
  148.80000000 2.897837e-25
  148.90000000 5.015422e-25
  149.00000000 8.560920e-25
  149.10000000 1.441162e-24
  149.20000000 2.392679e-24
  149.30000000 3.917740e-24
  149.40000000 6.326539e-24
  149.50000000 1.007572e-23
  149.60000000 1.582579e-23
  149.70000000 2.451513e-23
  149.80000000 3.745264e-23
  149.90000000 5.642999e-23
  150.00000000 8.385269e-23
  150.10000000 1.228863e-22
  150.20000000 1.776107e-22
  150.30000000 2.531712e-22
  150.40000000 3.559090e-22
  150.50000000 4.934498e-22
  150.60000000 6.747244e-22
  150.70000000 9.098907e-22
  150.80000000 1.210128e-21
  150.90000000 1.587278e-21
  151.00000000 2.053308e-21
  151.10000000 2.619597e-21
  151.20000000 3.296055e-21
  151.30000000 4.090097e-21
  151.40000000 5.005556e-21
  151.50000000 6.041578e-21
  151.60000000 7.191639e-21
  151.70000000 8.442766e-21
  151.80000000 9.775096e-21
  151.90000000 1.116186e-20
  152.00000000 1.256990e-20
  152.10000000 1.396067e-20
  152.20000000 1.529186e-20
  152.30000000 1.651937e-20
  152.40000000 1.759974e-20
  152.50000000 1.849262e-20
  152.60000000 1.916328e-20
  152.70000000 1.958488e-20
  152.80000000 1.974019e-20
  152.90000000 1.962280e-20
  153.00000000 1.923757e-20
  153.10000000 1.860025e-20
  153.20000000 1.773645e-20
  153.30000000 1.667992e-20
  153.40000000 1.547037e-20
  153.50000000 1.415100e-20
  153.60000000 1.276593e-20
  153.70000000 1.135789e-20
  153.80000000 9.966026e-21
  153.90000000 8.624339e-21
  154.00000000 7.360529e-21
  154.10000000 6.195433e-21
  154.20000000 5.142966e-21
  154.30000000 4.210514e-21
  154.40000000 3.399664e-21
  154.50000000 2.707174e-21
  154.60000000 2.126062e-21
  154.70000000 1.646702e-21
  154.80000000 1.257863e-21
  154.90000000 9.476135e-22
  155.00000000 7.040581e-22
  155.10000000 5.158996e-22
  155.20000000 3.728218e-22
  155.30000000 2.657154e-22
  155.40000000 1.867720e-22
  155.50000000 1.294750e-22
  155.60000000 8.851965e-23
  155.70000000 5.968604e-23
  155.80000000 3.969038e-23
  155.90000000 2.603018e-23
  156.00000000 1.683637e-23
  156.10000000 1.073988e-23
  156.20000000 6.756619e-24
  156.30000000 4.192171e-24
  156.40000000 2.565240e-24
  156.50000000 1.548090e-24
  156.60000000 9.213912e-25
  156.70000000 5.408431e-25
  156.80000000 3.130962e-25
  156.90000000 1.787573e-25
  157.00000000 1.006536e-25
  157.10000000 5.589514e-26
  157.20000000 3.061246e-26
  157.30000000 1.653491e-26
  157.40000000 8.808153e-27
  157.50000000 4.627509e-27
  157.60000000 2.397668e-27
  157.70000000 1.225209e-27
  157.80000000 6.174630e-28
  157.90000000 3.068958e-28
  158.00000000 1.504355e-28
  158.10000000 7.272594e-29
  158.20000000 3.467430e-29
  158.30000000 1.630444e-29
  158.40000000 7.561123e-30
  158.50000000 3.458290e-30
  158.60000000 1.560279e-30
  158.70000000 6.950375e-31
  158.80000000 3.072654e-31
  158.90000000 1.386351e-31
  159.00000000 7.282036e-32
  159.10000000 6.301891e-32
  159.20000000 1.018141e-31
  159.30000000 2.160632e-31
  159.40000000 4.836429e-31
  159.50000000 1.081294e-30
  159.60000000 2.389619e-30
  159.70000000 5.210370e-30
  159.80000000 1.120518e-29
  159.90000000 2.376591e-29
  160.00000000 4.971302e-29
  160.10000000 1.025570e-28
  160.20000000 2.086605e-28
  160.30000000 4.186918e-28
  160.40000000 8.285678e-28
  160.50000000 1.617116e-27
  160.60000000 3.112673e-27
  160.70000000 5.908881e-27
  160.80000000 1.106258e-26
  160.90000000 2.042618e-26
  161.00000000 3.719608e-26
  161.10000000 6.680156e-26
  161.20000000 1.183193e-25
  161.30000000 2.066825e-25
  161.40000000 3.560667e-25
  161.50000000 6.049763e-25
  161.60000000 1.013736e-24
  161.70000000 1.675293e-24
  161.80000000 2.730461e-24
  161.90000000 4.388950e-24
  162.00000000 6.957684e-24
  162.10000000 1.087798e-23
  162.20000000 1.677301e-23
  162.30000000 2.550665e-23
  162.40000000 3.825384e-23
  162.50000000 5.658173e-23
  162.60000000 8.253852e-23
  162.70000000 1.187454e-22
  162.80000000 1.684829e-22
  162.90000000 2.357625e-22
  163.00000000 3.253665e-22
  163.10000000 4.428436e-22
  163.20000000 5.944390e-22
  163.30000000 7.869436e-22
  163.40000000 1.027447e-21
  163.50000000 1.322984e-21
  163.60000000 1.680077e-21
  163.70000000 2.104181e-21
  163.80000000 2.599061e-21
  163.90000000 3.166133e-21
  164.00000000 3.803832e-21
  164.10000000 4.507056e-21
  164.20000000 5.266765e-21
  164.30000000 6.069799e-21
  164.40000000 6.898968e-21
  164.50000000 7.733451e-21
  164.60000000 8.549524e-21
  164.70000000 9.321589e-21
  164.80000000 1.002345e-20
  164.90000000 1.062978e-20
  165.00000000 1.111758e-20
  165.10000000 1.146769e-20
  165.20000000 1.166598e-20
  165.30000000 1.170430e-20
  165.40000000 1.158109e-20
  165.50000000 1.130141e-20
  165.60000000 1.087665e-20
  165.70000000 1.032375e-20
  165.80000000 9.664043e-21
  165.90000000 8.921949e-21
  166.00000000 8.123441e-21
  166.10000000 7.294570e-21
  166.20000000 6.460094e-21
  166.30000000 5.642315e-21
  166.40000000 4.860212e-21
  166.50000000 4.128882e-21
  166.60000000 3.459308e-21
  166.70000000 2.858415e-21
  166.80000000 2.329383e-21
  166.90000000 1.872129e-21
  167.00000000 1.483919e-21
  167.10000000 1.160016e-21
  167.20000000 8.943283e-22
  167.30000000 6.800010e-22
  167.40000000 5.099193e-22
  167.50000000 3.771142e-22
  167.60000000 2.750576e-22
  167.70000000 1.978581e-22
  167.80000000 1.403665e-22
  167.90000000 9.820923e-23
  168.00000000 6.776738e-23
  168.10000000 4.611779e-23
  168.20000000 3.095250e-23
  168.30000000 2.048813e-23
  168.40000000 1.337483e-23
  168.50000000 8.611002e-24
  168.60000000 5.467622e-24
  168.70000000 3.423913e-24
  168.80000000 2.114591e-24
  168.90000000 1.287981e-24
  169.00000000 7.736986e-25
  169.10000000 4.583673e-25
  169.20000000 2.678150e-25
  169.30000000 1.543247e-25
  169.40000000 8.770322e-26
  169.50000000 4.915583e-26
  169.60000000 2.717152e-26
  169.70000000 1.481263e-26
  169.80000000 7.963974e-27
  169.90000000 4.222862e-27
  170.00000000 2.208327e-27
  170.10000000 1.138936e-27
  170.20000000 5.793147e-28
  170.30000000 2.906091e-28
  170.40000000 1.437750e-28
  170.50000000 7.015148e-29
  170.60000000 3.375747e-29
  170.70000000 1.602074e-29
  170.80000000 7.498527e-30
  170.90000000 3.461442e-30
  171.00000000 1.576025e-30
  171.10000000 7.081124e-31
  171.20000000 3.147992e-31
  171.30000000 1.405109e-31
  171.40000000 6.781588e-32
  171.50000000 4.610881e-32
  171.60000000 5.977117e-32
  171.70000000 1.179790e-31
  171.80000000 2.602119e-31
  171.90000000 5.803557e-31
  172.00000000 1.282418e-30
  172.10000000 2.797063e-30
  172.20000000 6.017533e-30
  172.30000000 1.276808e-29
  172.40000000 2.671862e-29
  172.50000000 5.514198e-29
  172.60000000 1.122355e-28
  172.70000000 2.252980e-28
  172.80000000 4.460298e-28
  172.90000000 8.708630e-28
  173.00000000 1.676931e-27
  173.10000000 3.184638e-27
  173.20000000 5.964640e-27
  173.30000000 1.101762e-26
  173.40000000 2.007109e-26
  173.50000000 3.606063e-26
  173.60000000 6.389621e-26
  173.70000000 1.116597e-25
  173.80000000 1.924407e-25
  173.90000000 3.270973e-25
  174.00000000 5.483230e-25
  174.10000000 9.065156e-25
  174.20000000 1.478065e-24
  174.30000000 2.376792e-24
  174.40000000 3.769365e-24
  174.50000000 5.895555e-24
  174.60000000 9.094118e-24
  174.70000000 1.383489e-23
  174.80000000 2.075728e-23
  174.90000000 3.071458e-23
  175.00000000 4.482271e-23
  175.10000000 6.451058e-23
  175.20000000 9.156790e-23
  175.30000000 1.281843e-22
  175.40000000 1.769726e-22
  175.50000000 2.409664e-22
  175.60000000 3.235836e-22
  175.70000000 4.285444e-22
  175.80000000 5.597376e-22
  175.90000000 7.210288e-22
  176.00000000 9.160099e-22
  176.10000000 1.147697e-21
  176.20000000 1.418187e-21
  176.30000000 1.728300e-21
  176.40000000 2.077229e-21
  176.50000000 2.462231e-21
  176.60000000 2.878411e-21
  176.70000000 3.318610e-21
  176.80000000 3.773453e-21
  176.90000000 4.231566e-21
  177.00000000 4.679966e-21
  177.10000000 5.104622e-21
  177.20000000 5.491159e-21
  177.30000000 5.825642e-21
  177.40000000 6.095411e-21
  177.50000000 6.289869e-21
  177.60000000 6.401173e-21
  177.70000000 6.424761e-21
  177.80000000 6.359658e-21
  177.90000000 6.208547e-21
  178.00000000 5.977583e-21
  178.10000000 5.675977e-21
  178.20000000 5.315389e-21
  178.30000000 4.909179e-21
  178.40000000 4.471591e-21
  178.50000000 4.016934e-21
  178.60000000 3.558826e-21
  178.70000000 3.109555e-21
  178.80000000 2.679594e-21
  178.90000000 2.277295e-21
  179.00000000 1.908750e-21
  179.10000000 1.577822e-21
  179.20000000 1.286313e-21
  179.30000000 1.034223e-21
  179.40000000 8.200902e-22
  179.50000000 6.413400e-22
  179.60000000 4.946459e-22
  179.70000000 3.762529e-22
  179.80000000 2.822570e-22
  179.90000000 2.088282e-22
  180.00000000 1.523747e-22
  180.10000000 1.096518e-22
  180.20000000 7.782129e-23
  180.30000000 5.447037e-23
  180.40000000 3.760119e-23
  180.50000000 2.559896e-23
  180.60000000 1.718789e-23
  180.70000000 1.138157e-23
  180.80000000 7.432945e-24
  180.90000000 4.787395e-24
  181.00000000 3.041004e-24
  181.10000000 1.905084e-24
  181.20000000 1.177039e-24
  181.30000000 7.172106e-25
  181.40000000 4.310047e-25
  181.50000000 2.554447e-25
  181.60000000 1.493107e-25
  181.70000000 8.607253e-26
  181.80000000 4.893477e-26
  181.90000000 2.743784e-26
  182.00000000 1.517266e-26
  182.10000000 8.274712e-27
  182.20000000 4.450651e-27
  182.30000000 2.360878e-27
  182.40000000 1.235102e-27
  182.50000000 6.372527e-28
  182.60000000 3.242649e-28
  182.70000000 1.627300e-28
  182.80000000 8.054055e-29
  182.90000000 3.931344e-29
  183.00000000 1.892548e-29
  183.10000000 8.985303e-30
  183.20000000 4.207270e-30
  183.30000000 1.942947e-30
  183.40000000 8.850675e-31
  183.50000000 3.980036e-31
  183.60000000 1.774457e-31
  183.70000000 8.027295e-32
  183.80000000 4.113857e-32
  183.90000000 3.287249e-32
  184.00000000 4.943568e-32
  184.10000000 1.019122e-31
  184.20000000 2.251558e-31
  184.30000000 4.985909e-31
  184.40000000 1.092128e-30
  184.50000000 2.360565e-30
  184.60000000 5.032455e-30
  184.70000000 1.058110e-29
  184.80000000 2.194132e-29
  184.90000000 4.487187e-29
  185.00000000 9.050344e-29
  185.10000000 1.800261e-28
  185.20000000 3.531711e-28
  185.30000000 6.833046e-28
  185.40000000 1.303836e-27
  185.50000000 2.453640e-27
  185.60000000 4.553844e-27
  185.70000000 8.335371e-27
  185.80000000 1.504704e-26
  185.90000000 2.678901e-26
  186.00000000 4.703722e-26
  186.10000000 8.145279e-26
  186.20000000 1.391072e-25
  186.30000000 2.343003e-25
  186.40000000 3.892024e-25
  186.50000000 6.376135e-25
  186.60000000 1.030194e-24
  186.70000000 1.641571e-24
  186.80000000 2.579763e-24
  186.90000000 3.998338e-24
  187.00000000 6.111650e-24
  187.10000000 9.213336e-24
  187.20000000 1.369792e-23
  187.30000000 2.008501e-23
  187.40000000 2.904481e-23
  187.50000000 4.142329e-23
  187.60000000 5.826396e-23
  187.70000000 8.082298e-23
  187.80000000 1.105730e-22
  187.90000000 1.491910e-22
  188.00000000 1.985253e-22
  188.10000000 2.605363e-22
  188.20000000 3.372097e-22
  188.30000000 4.304387e-22
  188.40000000 5.418786e-22
  188.50000000 6.727784e-22
  188.60000000 8.237995e-22
  188.70000000 9.948335e-22
  188.80000000 1.184837e-21
  188.90000000 1.391702e-21
  189.00000000 1.612180e-21
  189.10000000 1.841874e-21
  189.20000000 2.075324e-21
  189.30000000 2.306169e-21
  189.40000000 2.527411e-21
  189.50000000 2.731743e-21
  189.60000000 2.911947e-21
  189.70000000 3.061303e-21
  189.80000000 3.174013e-21
  189.90000000 3.245565e-21
  190.00000000 3.273041e-21
  190.10000000 3.255307e-21
  190.20000000 3.193096e-21
  190.30000000 3.088953e-21
  190.40000000 2.947067e-21
  190.50000000 2.772989e-21
  190.60000000 2.573272e-21
  190.70000000 2.355064e-21
  190.80000000 2.125685e-21
  190.90000000 1.892234e-21
  191.00000000 1.661231e-21
  191.10000000 1.438350e-21
  191.20000000 1.228226e-21
  191.30000000 1.034360e-21
  191.40000000 8.591017e-22
  191.50000000 7.037149e-22
  191.60000000 5.684972e-22
  191.70000000 4.529386e-22
  191.80000000 3.559014e-22
  191.90000000 2.758033e-22
  192.00000000 2.107894e-22
  192.10000000 1.588830e-22
  192.20000000 1.181096e-22
  192.30000000 8.659099e-23
  192.40000000 6.260940e-23
  192.50000000 4.464633e-23
  192.60000000 3.139868e-23
  192.70000000 2.177792e-23
  192.80000000 1.489707e-23
  192.90000000 1.004997e-23
  193.00000000 6.686639e-24
  193.10000000 4.387635e-24
  193.20000000 2.839439e-24
  193.30000000 1.812233e-24
  193.40000000 1.140709e-24
  193.50000000 7.081335e-25
  193.60000000 4.335456e-25
  193.70000000 2.617784e-25
  193.80000000 1.558879e-25
  193.90000000 9.155249e-26
  194.00000000 5.302827e-26
  194.10000000 3.029173e-26
  194.20000000 1.706555e-26
  194.30000000 9.481907e-27
  194.40000000 5.195778e-27
  194.50000000 2.807921e-27
  194.60000000 1.496575e-27
  194.70000000 7.866683e-28
  194.80000000 4.078159e-28
  194.90000000 2.085048e-28
  195.00000000 1.051350e-28
  195.10000000 5.228271e-29
  195.20000000 2.564178e-29
  195.30000000 1.240275e-29
  195.40000000 5.916534e-30
  195.50000000 2.783549e-30
  195.60000000 1.291587e-30
  195.70000000 5.911581e-31
  195.80000000 2.671030e-31
  195.90000000 1.196457e-31
  196.00000000 5.434855e-32
  196.10000000 2.786114e-32
  196.20000000 2.201890e-32
  196.30000000 3.259930e-32
  196.40000000 6.655228e-32
  196.50000000 1.460794e-31
  196.60000000 3.216563e-31
  196.70000000 7.007229e-31
  196.80000000 1.506369e-30
  196.90000000 3.194050e-30
  197.00000000 6.679436e-30
  197.10000000 1.377587e-29
  197.20000000 2.802062e-29
  197.30000000 5.621030e-29
  197.40000000 1.112074e-28
  197.50000000 2.169854e-28
  197.60000000 4.175486e-28
  197.70000000 7.924336e-28
  197.80000000 1.483195e-27
  197.90000000 2.737870e-27
  198.00000000 4.984331e-27
  198.10000000 8.949120e-27
  198.20000000 1.584649e-26
  198.30000000 2.767359e-26
  198.40000000 4.766254e-26
  198.50000000 8.095958e-26
  198.60000000 1.356247e-25
  198.70000000 2.240725e-25
  198.80000000 3.651051e-25
  198.90000000 5.867142e-25
  199.00000000 9.298539e-25
  199.10000000 1.453390e-24
  199.20000000 2.240418e-24
  199.30000000 3.406084e-24
  199.40000000 5.106944e-24
  199.50000000 7.551726e-24
  199.60000000 1.101313e-23
  199.70000000 1.583998e-23
  199.80000000 2.246870e-23
  199.90000000 3.143263e-23
  200.00000000 4.336735e-23
  200.10000000 5.900983e-23
  200.20000000 7.918908e-23
  200.30000000 1.048059e-22
  200.40000000 1.367998e-22
  200.50000000 1.761021e-22
  200.60000000 2.235749e-22
  200.70000000 2.799375e-22
  200.80000000 3.456833e-22
  200.90000000 4.209933e-22
  201.00000000 5.056515e-22
  201.10000000 5.989725e-22
  201.20000000 6.997483e-22
  201.30000000 8.062250e-22
  201.40000000 9.161151e-22
  201.50000000 1.026652e-21
  201.60000000 1.134686e-21
  201.70000000 1.236824e-21
  201.80000000 1.329594e-21
  201.90000000 1.409646e-21
  202.00000000 1.473941e-21
  202.10000000 1.519952e-21
  202.20000000 1.545819e-21
  202.30000000 1.550484e-21
  202.40000000 1.533751e-21
  202.50000000 1.496312e-21
  202.60000000 1.439689e-21
  202.70000000 1.366139e-21
  202.80000000 1.278499e-21
  202.90000000 1.180008e-21
  203.00000000 1.074111e-21
  203.10000000 9.642574e-22
  203.20000000 8.537211e-22
  203.30000000 7.454499e-22
  203.40000000 6.419487e-22
  203.50000000 5.452072e-22
  203.60000000 4.566697e-22
  203.70000000 3.772439e-22
  203.80000000 3.073419e-22
  203.90000000 2.469452e-22
  204.00000000 1.956856e-22
  204.10000000 1.529313e-22
  204.20000000 1.178728e-22
  204.30000000 8.960042e-23
  204.40000000 6.717164e-23
  204.50000000 4.966395e-23
  204.60000000 3.621395e-23
  204.70000000 2.604294e-23
  204.80000000 1.847071e-23
  204.90000000 1.291982e-23
  205.00000000 8.912688e-24
  205.10000000 6.063737e-24
  205.20000000 4.068661e-24
  205.30000000 2.692415e-24
  205.40000000 1.757162e-24
  205.50000000 1.130996e-24
  205.60000000 7.179430e-25
  205.70000000 4.494673e-25
  205.80000000 2.775144e-25
  205.90000000 1.689867e-25
  206.00000000 1.014843e-25
  206.10000000 6.010694e-26
  206.20000000 3.510991e-26
  206.30000000 2.022620e-26
  206.40000000 1.149154e-26
  206.50000000 6.439047e-27
  206.60000000 3.558314e-27
  206.70000000 1.939307e-27
  206.80000000 1.042385e-27
  206.90000000 5.525722e-28
  207.00000000 2.888879e-28
  207.10000000 1.489530e-28
  207.20000000 7.574401e-29
  207.30000000 3.798629e-29
  207.40000000 1.878819e-29
  207.50000000 9.164786e-30
  207.60000000 4.408994e-30
  207.70000000 2.091885e-30
  207.80000000 9.788700e-31
  207.90000000 4.517963e-31
  208.00000000 2.057861e-31
  208.10000000 9.275997e-32
  208.20000000 4.199839e-32
  208.30000000 2.054610e-32
  208.40000000 1.399826e-32
  208.50000000 1.778703e-32
  208.60000000 3.429897e-32
  208.70000000 7.420239e-32
  208.80000000 1.626173e-31
  208.90000000 3.532599e-31
  209.00000000 7.575470e-31
  209.10000000 1.602432e-30
  209.20000000 3.343051e-30
  209.30000000 6.878414e-30
  209.40000000 1.395769e-29
  209.50000000 2.793304e-29
  209.60000000 5.513183e-29
  209.70000000 1.073164e-28
  209.80000000 2.060198e-28
  209.90000000 3.900598e-28
  210.00000000 7.283380e-28
  210.10000000 1.341264e-27
  210.20000000 2.435985e-27
  210.30000000 4.363296e-27
  210.40000000 7.707863e-27
  210.50000000 1.342866e-26
  210.60000000 2.307336e-26
  210.70000000 3.909926e-26
  210.80000000 6.534396e-26
  210.90000000 1.077015e-25
  211.00000000 1.750724e-25
  211.10000000 2.806679e-25
  211.20000000 4.437592e-25
  211.30000000 6.919606e-25
  211.40000000 1.064130e-24
  211.50000000 1.613941e-24
  211.60000000 2.414125e-24
  211.70000000 3.561323e-24
  211.80000000 5.181344e-24
  211.90000000 7.434518e-24
  212.00000000 1.052065e-23
  212.10000000 1.468290e-23
  212.20000000 2.020973e-23
  212.30000000 2.743396e-23
  212.40000000 3.672788e-23
  212.50000000 4.849341e-23
  212.60000000 6.314645e-23
  212.70000000 8.109509e-23
  212.80000000 1.027116e-22
  212.90000000 1.282992e-22
  213.00000000 1.580549e-22
  213.10000000 1.920309e-22
  213.20000000 2.300985e-22
  213.30000000 2.719167e-22
  213.40000000 3.169110e-22
  213.50000000 3.642656e-22
  213.60000000 4.129319e-22
  213.70000000 4.616555e-22
  213.80000000 5.090227e-22
  213.90000000 5.535229e-22
  214.00000000 5.936267e-22
  214.10000000 6.278714e-22
  214.20000000 6.549489e-22
  214.30000000 6.737883e-22
  214.40000000 6.836266e-22
  214.50000000 6.840595e-22
  214.60000000 6.750690e-22
  214.70000000 6.570249e-22
  214.80000000 6.306595e-22
  214.90000000 5.970180e-22
  215.00000000 5.573902e-22
  215.10000000 5.132284e-22
  215.20000000 4.660595e-22
  215.30000000 4.173991e-22
  215.40000000 3.686727e-22
  215.50000000 3.211515e-22
  215.60000000 2.759041e-22
  215.70000000 2.337685e-22
  215.80000000 1.953408e-22
  215.90000000 1.609828e-22
  216.00000000 1.308415e-22
  216.10000000 1.048796e-22
  216.20000000 8.291166e-23
  216.30000000 6.464274e-23
  216.40000000 4.970537e-23
  216.50000000 3.769348e-23
  216.60000000 2.819088e-23
  216.70000000 2.079363e-23
  216.80000000 1.512626e-23
  216.90000000 1.085206e-23
  217.00000000 7.678422e-24
  217.10000000 5.358107e-24
  217.20000000 3.687484e-24
  217.30000000 2.502812e-24
  217.40000000 1.675351e-24
  217.50000000 1.106020e-24
  217.60000000 7.201106e-25
  217.70000000 4.623970e-25
  217.80000000 2.928264e-25
  217.90000000 1.828878e-25
  218.00000000 1.126520e-25
  218.10000000 6.843404e-26
  218.20000000 4.100010e-26
  218.30000000 2.422575e-26
  218.40000000 1.411721e-26
  218.50000000 8.113342e-27
  218.60000000 4.598648e-27
  218.70000000 2.570633e-27
  218.80000000 1.417194e-27
  218.90000000 7.705447e-28
  219.00000000 4.131862e-28
  219.10000000 2.185110e-28
  219.20000000 1.139673e-28
  219.30000000 5.862277e-29
  219.40000000 2.973938e-29
  219.50000000 1.487911e-29
  219.60000000 7.341782e-30
  219.70000000 3.572774e-30
  219.80000000 1.714707e-30
  219.90000000 8.116303e-31
  220.00000000 3.789055e-31
  220.10000000 1.745085e-31
  220.20000000 7.939533e-32
  220.30000000 3.593698e-32
  220.40000000 1.677864e-32
  220.50000000 9.423927e-33
  220.60000000 8.912502e-33
  220.70000000 1.480455e-32
  220.80000000 3.084639e-32
  220.90000000 6.709406e-32
  221.00000000 1.455445e-31
  221.10000000 3.120344e-31
  221.20000000 6.600243e-31
  221.30000000 1.376984e-30
  221.40000000 2.833238e-30
  221.50000000 5.749339e-30
  221.60000000 1.150621e-29
  221.70000000 2.271048e-29
  221.80000000 4.420786e-29
  221.90000000 8.486960e-29
  222.00000000 1.606883e-28
  222.10000000 3.000514e-28
  222.20000000 5.525691e-28
  222.30000000 1.003591e-27
  222.40000000 1.797656e-27
  222.50000000 3.175672e-27
  222.60000000 5.532788e-27
  222.70000000 9.506746e-27
  222.80000000 1.611014e-26
  222.90000000 2.692439e-26
  223.00000000 4.437843e-26
  223.10000000 7.214021e-26
  223.20000000 1.156544e-25
  223.30000000 1.828633e-25
  223.40000000 2.851479e-25
  223.50000000 4.385239e-25
  223.60000000 6.651135e-25
  223.70000000 9.948958e-25
  223.80000000 1.467705e-24
  223.90000000 2.135402e-24
  224.00000000 3.064077e-24
  224.10000000 4.336098e-24
  224.20000000 6.051708e-24
  224.30000000 8.329832e-24
  224.40000000 1.130769e-23
  224.50000000 1.513878e-23
  224.60000000 1.998883e-23
  224.70000000 2.602935e-23
  224.80000000 3.342863e-23
  224.90000000 4.234024e-23
  225.00000000 5.288924e-23
  225.10000000 6.515696e-23
  225.20000000 7.916509e-23
  225.30000000 9.486062e-23
  225.40000000 1.121031e-22
  225.50000000 1.306558e-22
  225.60000000 1.501824e-22
  225.70000000 1.702508e-22
  225.80000000 1.903436e-22
  225.90000000 2.098780e-22
  226.00000000 2.282312e-22
  226.10000000 2.447725e-22
  226.20000000 2.588984e-22
  226.30000000 2.700696e-22
  226.40000000 2.778442e-22
  226.50000000 2.819074e-22
  226.60000000 2.820921e-22
  226.70000000 2.783907e-22
  226.80000000 2.709556e-22
  226.90000000 2.600882e-22
  227.00000000 2.462197e-22
  227.10000000 2.298816e-22
  227.20000000 2.116728e-22
  227.30000000 1.922230e-22
  227.40000000 1.721572e-22
  227.50000000 1.520632e-22
  227.60000000 1.324655e-22
  227.70000000 1.138048e-22
  227.80000000 9.642681e-23
  227.90000000 8.057763e-23
  228.00000000 6.640649e-23
  228.10000000 5.397418e-23
  228.20000000 4.326542e-23
  228.30000000 3.420386e-23
  228.40000000 2.666790e-23
  228.50000000 2.050605e-23
  228.60000000 1.555086e-23
  228.70000000 1.163071e-23
  228.80000000 8.579017e-24
  228.90000000 6.240914e-24
  229.00000000 4.477528e-24
  229.10000000 3.168165e-24
  229.20000000 2.210837e-24
  229.30000000 1.521545e-24
  229.40000000 1.032744e-24
  229.50000000 6.913209e-25
  229.60000000 4.564005e-25
  229.70000000 2.971611e-25
  229.80000000 1.908171e-25
  229.90000000 1.208431e-25
  230.00000000 7.547551e-26
  230.10000000 4.649107e-26
  230.20000000 2.824310e-26
  230.30000000 1.692134e-26
  230.40000000 9.998535e-27
  230.50000000 5.826630e-27
  230.60000000 3.348713e-27
  230.70000000 1.898094e-27
  230.80000000 1.061053e-27
  230.90000000 5.849729e-28
  231.00000000 3.180635e-28
  231.10000000 1.705577e-28
  231.20000000 9.020034e-29
  231.30000000 4.704619e-29
  231.40000000 2.420027e-29
  231.50000000 1.227708e-29
  231.60000000 6.142564e-30
  231.70000000 3.030984e-30
  231.80000000 1.475018e-30
  231.90000000 7.079332e-31
  232.00000000 3.351014e-31
  232.10000000 1.564554e-31
  232.20000000 7.208646e-32
  232.30000000 3.286369e-32
  232.40000000 1.502989e-32
  232.50000000 7.369474e-33
  232.60000000 4.894826e-33
  232.70000000 5.929605e-33
  232.80000000 1.108432e-32
  232.90000000 2.356836e-32
  233.00000000 5.097021e-32
  233.10000000 1.093666e-31
  233.20000000 2.317006e-31
  233.30000000 4.842200e-31
  233.40000000 9.980569e-31
  233.50000000 2.028853e-30
  233.60000000 4.067486e-30
  233.70000000 8.042312e-30
  233.80000000 1.568250e-29
  233.90000000 3.015984e-29
  234.00000000 5.720344e-29
  234.10000000 1.070027e-28
  234.20000000 1.973997e-28
  234.30000000 3.591517e-28
  234.40000000 6.444492e-28
  234.50000000 1.140457e-27
  234.60000000 1.990436e-27
  234.70000000 3.426078e-27
  234.80000000 5.816016e-27
  234.90000000 9.737183e-27
  235.00000000 1.607757e-26
  235.10000000 2.618105e-26
  235.20000000 4.204680e-26
  235.30000000 6.659755e-26
  235.40000000 1.040311e-25
  235.50000000 1.602681e-25
  235.60000000 2.435066e-25
  235.70000000 3.648830e-25
  235.80000000 5.392324e-25
  235.90000000 7.859188e-25
  236.00000000 1.129689e-24
  236.10000000 1.601472e-24
  236.20000000 2.239027e-24
  236.30000000 3.087298e-24
  236.40000000 4.198338e-24
  236.50000000 5.630611e-24
  236.60000000 7.447543e-24
  236.70000000 9.715160e-24
  236.80000000 1.249874e-23
  236.90000000 1.585850e-23
  237.00000000 1.984436e-23
  237.10000000 2.449016e-23
  237.20000000 2.980751e-23
  237.30000000 3.577989e-23
  237.40000000 4.235764e-23
  237.50000000 4.945428e-23
  237.60000000 5.694497e-23
  237.70000000 6.466754e-23
  237.80000000 7.242636e-23
  237.90000000 7.999934e-23
  238.00000000 8.714762e-23
  238.10000000 9.362764e-23
  238.20000000 9.920464e-23
  238.30000000 1.036667e-22
  238.40000000 1.068381e-22
  238.50000000 1.085906e-22
  238.60000000 1.088523e-22
  238.70000000 1.076125e-22
  238.80000000 1.049221e-22
  238.90000000 1.008906e-22
  239.00000000 9.567840e-23
  239.10000000 8.948628e-23
  239.20000000 8.254264e-23
  239.30000000 7.508959e-23
  239.40000000 6.736905e-23
  239.50000000 5.961020e-23
  239.60000000 5.201878e-23
  239.70000000 4.476917e-23
  239.80000000 3.799946e-23
  239.90000000 3.180938e-23
  240.00000000 2.626106e-23
  240.10000000 2.138202e-23
  240.20000000 1.716978e-23
  240.30000000 1.359753e-23
  240.40000000 1.062025e-23
  240.50000000 8.180672e-24
  240.60000000 6.214734e-24
  240.70000000 4.656241e-24
  240.80000000 3.440549e-24
  240.90000000 2.507261e-24
  241.00000000 1.801983e-24
  241.10000000 1.277266e-24
  241.20000000 8.928760e-25
  241.30000000 6.155743e-25
  241.40000000 4.185518e-25
  241.50000000 2.806709e-25
  241.60000000 1.856201e-25
  241.70000000 1.210687e-25
  241.80000000 7.787861e-26
  241.90000000 4.940648e-26
  242.00000000 3.091214e-26
  242.10000000 1.907452e-26
  242.20000000 1.160800e-26
  242.30000000 6.966921e-27
  242.40000000 4.123857e-27
  242.50000000 2.407386e-27
  242.60000000 1.386013e-27
  242.70000000 7.869883e-28
  242.80000000 4.407056e-28
  242.90000000 2.433931e-28
  243.00000000 1.325707e-28
  243.10000000 7.121411e-29
  243.20000000 3.772802e-29
  243.30000000 1.971248e-29
  243.40000000 1.015776e-29
  243.50000000 5.162193e-30
  243.60000000 2.587318e-30
  243.70000000 1.278924e-30
  243.80000000 6.234763e-31
  243.90000000 2.997627e-31
  244.00000000 1.421450e-31
  244.10000000 6.648935e-32
  244.20000000 3.070490e-32
  244.30000000 1.406078e-32
  244.40000000 6.528958e-33
  244.50000000 3.399876e-33
  244.60000000 2.648191e-33
  244.70000000 3.755983e-33
  244.80000000 7.390500e-33
  244.90000000 1.575819e-32
  245.00000000 3.379567e-32
  245.10000000 7.175639e-32
  245.20000000 1.503694e-31
  245.30000000 3.108131e-31
  245.40000000 6.336219e-31
  245.50000000 1.273922e-30
  245.60000000 2.526010e-30
  245.70000000 4.939772e-30
  245.80000000 9.527044e-30
  245.90000000 1.812128e-29
  246.00000000 3.399374e-29
  246.10000000 6.289098e-29
  246.20000000 1.147512e-28
  246.30000000 2.064931e-28
  246.40000000 3.664656e-28
  246.50000000 6.414167e-28
  246.60000000 1.107202e-27
  246.70000000 1.884918e-27
  246.80000000 3.164739e-27
  246.90000000 5.240377e-27
  247.00000000 8.557888e-27
  247.10000000 1.378320e-26
  247.20000000 2.189339e-26
  247.30000000 3.429693e-26
  247.40000000 5.298792e-26
  247.50000000 8.073799e-26
  247.60000000 1.213273e-25
  247.70000000 1.798118e-25
  247.80000000 2.628195e-25
  247.90000000 3.788578e-25
  248.00000000 5.386098e-25
  248.10000000 7.551822e-25
  248.20000000 1.044260e-24
  248.30000000 1.424114e-24
  248.40000000 1.915405e-24
  248.50000000 2.540713e-24
  248.60000000 3.323763e-24
  248.70000000 4.288288e-24
  248.80000000 5.456539e-24
  248.90000000 6.847466e-24
  249.00000000 8.474654e-24
  249.10000000 1.034412e-23
  249.20000000 1.245215e-23
  249.30000000 1.478341e-23
  249.40000000 1.730949e-23
  249.50000000 1.998818e-23
  249.60000000 2.276364e-23
  249.70000000 2.556758e-23
  249.80000000 2.832154e-23
  249.90000000 3.094024e-23
  250.00000000 3.333571e-23
  250.10000000 3.542217e-23
  250.20000000 3.712103e-23
  250.30000000 3.836580e-23
  250.40000000 3.910641e-23
  250.50000000 3.931253e-23
  250.60000000 3.897566e-23
  250.70000000 3.810969e-23
  250.80000000 3.674994e-23
  250.90000000 3.495082e-23
  251.00000000 3.278215e-23
  251.10000000 3.032472e-23
  251.20000000 2.766532e-23
  251.30000000 2.489167e-23
  251.40000000 2.208776e-23
  251.50000000 1.932986e-23
  251.60000000 1.668343e-23
  251.70000000 1.420107e-23
  251.80000000 1.192165e-23
  251.90000000 9.870316e-24
  252.00000000 8.059445e-24
  252.10000000 6.490208e-24
  252.20000000 5.154558e-24
  252.30000000 4.037418e-24
  252.40000000 3.118857e-24
  252.50000000 2.376110e-24
  252.60000000 1.785324e-24
  252.70000000 1.322960e-24
  252.80000000 9.668433e-25
  252.90000000 6.968588e-25
  253.00000000 4.953508e-25
  253.10000000 3.472645e-25
  253.20000000 2.400973e-25
  253.30000000 1.637169e-25
  253.40000000 1.100979e-25
  253.50000000 7.302040e-26
  253.60000000 4.776268e-26
  253.70000000 3.081148e-26
  253.80000000 1.960270e-26
  253.90000000 1.229981e-26
  254.00000000 7.611331e-27
  254.10000000 4.645175e-27
  254.20000000 2.795908e-27
  254.30000000 1.659676e-27
  254.40000000 9.716344e-28
  254.50000000 5.609989e-28
  254.60000000 3.194482e-28
  254.70000000 1.793983e-28
  254.80000000 9.936092e-29
  254.90000000 5.427406e-29
  255.00000000 2.923805e-29
  255.10000000 1.553402e-29
  255.20000000 8.139518e-30
  255.30000000 4.206230e-30
  255.40000000 2.143713e-30
  255.50000000 1.077506e-30
  255.60000000 5.341368e-31
  255.70000000 2.611353e-31
  255.80000000 1.259109e-31
  255.90000000 5.987792e-32
  256.00000000 2.809218e-32
  256.10000000 1.301915e-32
  256.20000000 5.999747e-33
  256.30000000 2.840571e-33
  256.40000000 1.583564e-33
  256.50000000 1.421495e-33
  256.60000000 2.232895e-33
  256.70000000 4.500444e-33
  256.80000000 9.564337e-33
  256.90000000 2.032475e-32
  257.00000000 4.271226e-32
  257.10000000 8.857037e-32
  257.20000000 1.811541e-31
  257.30000000 3.654232e-31
  257.40000000 7.269843e-31
  257.50000000 1.426375e-30
  257.60000000 2.760081e-30
  257.70000000 5.267316e-30
  257.80000000 9.913713e-30
  257.90000000 1.840190e-29
  258.00000000 3.368747e-29
  258.10000000 6.082100e-29
  258.20000000 1.082974e-28
  258.30000000 1.901788e-28
  258.40000000 3.293710e-28
  258.50000000 5.625850e-28
  258.60000000 9.476987e-28
  258.70000000 1.574461e-27
  258.80000000 2.579721e-27
  258.90000000 4.168628e-27
  259.00000000 6.643438e-27
  259.10000000 1.044172e-26
  259.20000000 1.618567e-26
  259.30000000 2.474392e-26
  259.40000000 3.730662e-26
  259.50000000 5.547312e-26
  259.60000000 8.135022e-26
  259.70000000 1.176561e-25
  259.80000000 1.678221e-25
  259.90000000 2.360824e-25
  260.00000000 3.275347e-25
  260.10000000 4.481573e-25
  260.20000000 6.047599e-25
  260.30000000 8.048500e-25
  260.40000000 1.056395e-24
  260.50000000 1.367468e-24
  260.60000000 1.745771e-24
  260.70000000 2.198046e-24
  260.80000000 2.729391e-24
  260.90000000 3.342520e-24
  261.00000000 4.037028e-24
  261.10000000 4.808714e-24
  261.20000000 5.649051e-24
  261.30000000 6.544876e-24
  261.40000000 7.478367e-24
  261.50000000 8.427360e-24
  261.60000000 9.366033e-24
  261.70000000 1.026595e-23
  261.80000000 1.109742e-23
  261.90000000 1.183108e-23
  262.00000000 1.243960e-23
  262.10000000 1.289934e-23
  262.20000000 1.319192e-23
  262.30000000 1.330540e-23
  262.40000000 1.323510e-23
  262.50000000 1.298393e-23
  262.60000000 1.256216e-23
  262.70000000 1.198676e-23
  262.80000000 1.128025e-23
  262.90000000 1.046924e-23
  263.00000000 9.582763e-24
  263.10000000 8.650593e-24
  263.20000000 7.701591e-24
  263.30000000 6.762299e-24
  263.40000000 5.855820e-24
  263.50000000 5.001042e-24
  263.60000000 4.212235e-24
  263.70000000 3.499002e-24
  263.80000000 2.866521e-24
  263.90000000 2.316037e-24
  264.00000000 1.845505e-24
  264.10000000 1.450322e-24
  264.20000000 1.124069e-24
  264.30000000 8.592131e-25
  264.40000000 6.477214e-25
  264.50000000 4.815651e-25
  264.60000000 3.531028e-25
  264.70000000 2.553446e-25
  264.80000000 1.821091e-25
  264.90000000 1.280902e-25
  265.00000000 8.885456e-26
  265.10000000 6.078870e-26
  265.20000000 4.101526e-26
  265.30000000 2.729276e-26
  265.40000000 1.791137e-26
  265.50000000 1.159283e-26
  265.60000000 7.399965e-27
  265.70000000 4.658533e-27
  265.80000000 2.892332e-27
  265.90000000 1.771032e-27
  266.00000000 1.069509e-27
  266.10000000 6.369736e-28
  266.20000000 3.741433e-28
  266.30000000 2.167374e-28
  266.40000000 1.238253e-28
  266.50000000 6.976924e-29
  266.60000000 3.877021e-29
  266.70000000 2.124769e-29
  266.80000000 1.148430e-29
  266.90000000 6.121770e-30
  267.00000000 3.218317e-30
  267.10000000 1.668630e-30
  267.20000000 8.532386e-31
  267.30000000 4.302893e-31
  267.40000000 2.140081e-31
  267.50000000 1.049738e-31
  267.60000000 5.078309e-32
  267.70000000 2.423134e-32
  267.80000000 1.140833e-32
  267.90000000 5.310006e-33
  268.00000000 2.467269e-33
  268.10000000 1.198627e-33
  268.20000000 7.257299e-34
  268.30000000 7.470847e-34
  268.40000000 1.265706e-33
  268.50000000 2.583972e-33
  268.60000000 5.459068e-33
  268.70000000 1.148755e-32
  268.80000000 2.388746e-32
  268.90000000 4.900724e-32
  269.00000000 9.916605e-32
  269.10000000 1.979027e-31
  269.20000000 3.895124e-31
  269.30000000 7.560845e-31
  269.40000000 1.447434e-30
  269.50000000 2.732794e-30
  269.60000000 5.088552e-30
  269.70000000 9.344605e-30
  269.80000000 1.692416e-29
  269.90000000 3.022962e-29
  270.00000000 5.325221e-29
  270.10000000 9.251710e-29
  270.20000000 1.585206e-28
  270.30000000 2.678730e-28
  270.40000000 4.464281e-28
  270.50000000 7.337590e-28
  270.60000000 1.189419e-27
  270.70000000 1.901497e-27
  270.80000000 2.998028e-27
  270.90000000 4.661818e-27
  271.00000000 7.149148e-27
  271.10000000 1.081266e-26
  271.20000000 1.612837e-26
  271.30000000 2.372617e-26
  271.40000000 3.442264e-26
  271.50000000 4.925384e-26
  271.60000000 6.950490e-26
  271.70000000 9.673201e-26
  271.80000000 1.327713e-25
  271.90000000 1.797289e-25
  272.00000000 2.399446e-25
  272.10000000 3.159245e-25
  272.20000000 4.102372e-25
  272.30000000 5.253711e-25
  272.40000000 6.635547e-25
  272.50000000 8.265454e-25
  272.60000000 1.015397e-24
  272.70000000 1.230226e-24
  272.80000000 1.469985e-24
  272.90000000 1.732290e-24
  273.00000000 2.013296e-24
  273.10000000 2.307671e-24
  273.20000000 2.608673e-24
  273.30000000 2.908338e-24
  273.40000000 3.197786e-24
  273.50000000 3.467635e-24
  273.60000000 3.708487e-24
  273.70000000 3.911465e-24
  273.80000000 4.068756e-24
  273.90000000 4.174103e-24
  274.00000000 4.223225e-24
  274.10000000 4.214097e-24
  274.20000000 4.147098e-24
  274.30000000 4.024978e-24
  274.40000000 3.852672e-24
  274.50000000 3.636972e-24
  274.60000000 3.386081e-24
  274.70000000 3.109096e-24
  274.80000000 2.815466e-24
  274.90000000 2.514467e-24
  275.00000000 2.214730e-24
  275.10000000 1.923868e-24
  275.20000000 1.648196e-24
  275.30000000 1.392586e-24
  275.40000000 1.160419e-24
  275.50000000 9.536448e-25
  275.60000000 7.729262e-25
  275.70000000 6.178297e-25
  275.80000000 4.870561e-25
  275.90000000 3.786766e-25
  276.00000000 2.903605e-25
  276.10000000 2.195765e-25
  276.20000000 1.637622e-25
  276.30000000 1.204539e-25
  276.40000000 8.737906e-26
  276.50000000 6.251343e-26
  276.60000000 4.410813e-26
  276.70000000 3.069329e-26
  276.80000000 2.106433e-26
  276.90000000 1.425710e-26
  277.00000000 9.516870e-27
  277.10000000 6.265223e-27
  277.20000000 4.067788e-27
  277.30000000 2.604711e-27
  277.40000000 1.644902e-27
  277.50000000 1.024472e-27
  277.60000000 6.292734e-28
  277.70000000 3.812046e-28
  277.80000000 2.277489e-28
  277.90000000 1.341942e-28
  278.00000000 7.798137e-29
  278.10000000 4.469173e-29
  278.20000000 2.526056e-29
  278.30000000 1.408115e-29
  278.40000000 7.741279e-30
  278.50000000 4.197268e-30
  278.60000000 2.244399e-30
  278.70000000 1.183621e-30
  278.80000000 6.156090e-31
  278.90000000 3.157742e-31
  279.00000000 1.597452e-31
  279.10000000 7.970007e-32
  279.20000000 3.921677e-32
  279.30000000 1.903170e-32
  279.40000000 9.110225e-33
  279.50000000 4.304196e-33
  279.60000000 2.013217e-33
  279.70000000 9.462757e-34
  279.80000000 4.783288e-34
  279.90000000 3.250637e-34
  280.00000000 3.888531e-34
  280.10000000 7.029938e-34
  280.20000000 1.446193e-33
  280.30000000 3.032062e-33
  280.40000000 6.311965e-33
  280.50000000 1.297659e-32
  280.60000000 2.631807e-32
  280.70000000 5.264420e-32
  280.80000000 1.038559e-31
  280.90000000 2.020655e-31
  281.00000000 3.877328e-31
  281.10000000 7.337575e-31
  281.20000000 1.369468e-30
  281.30000000 2.520755e-30
  281.40000000 4.576030e-30
  281.50000000 8.192688e-30
  281.60000000 1.446583e-29
  281.70000000 2.519067e-29
  281.80000000 4.326289e-29
  281.90000000 7.327750e-29
  282.00000000 1.224067e-28
  282.10000000 2.016597e-28
  282.20000000 3.276518e-28
  282.30000000 5.250314e-28
  282.40000000 8.297313e-28
  282.50000000 1.293210e-27
  282.60000000 1.987834e-27
  282.70000000 3.013494e-27
  282.80000000 4.505470e-27
  282.90000000 6.643383e-27
  283.00000000 9.660906e-27
  283.10000000 1.385562e-26
  283.20000000 1.959807e-26
  283.30000000 2.733883e-26
  283.40000000 3.761197e-26
  283.50000000 5.103307e-26
  283.60000000 6.828993e-26
  283.70000000 9.012412e-26
  283.80000000 1.173018e-25
  283.90000000 1.505733e-25
  284.00000000 1.906209e-25
  284.10000000 2.379976e-25
  284.20000000 2.930582e-25
  284.30000000 3.558891e-25
  284.40000000 4.262406e-25
  284.50000000 5.034709e-25
  284.60000000 5.865072e-25
  284.70000000 6.738321e-25
  284.80000000 7.635007e-25
  284.90000000 8.531917e-25
  285.00000000 9.402930e-25
  285.10000000 1.022019e-24
  285.20000000 1.095556e-24
  285.30000000 1.158215e-24
  285.40000000 1.207601e-24
  285.50000000 1.241758e-24
  285.60000000 1.259302e-24
  285.70000000 1.259512e-24
  285.80000000 1.242379e-24
  285.90000000 1.208608e-24
  286.00000000 1.159567e-24
  286.10000000 1.097200e-24
  286.20000000 1.023894e-24
  286.30000000 9.423321e-25
  286.40000000 8.553269e-25
  286.50000000 7.656666e-25
  286.60000000 6.759688e-25
  286.70000000 5.885631e-25
  286.80000000 5.054042e-25
  286.90000000 4.280199e-25
  287.00000000 3.574938e-25
  287.10000000 2.944778e-25
  287.20000000 2.392301e-25
  287.30000000 1.916720e-25
  287.40000000 1.514540e-25
  287.50000000 1.180273e-25
  287.60000000 9.071171e-26
  287.70000000 6.875808e-26
  287.80000000 5.140005e-26
  287.90000000 3.789507e-26
  288.00000000 2.755378e-26
  288.10000000 1.975874e-26
  288.20000000 1.397387e-26
  288.30000000 9.746605e-27
  288.40000000 6.704548e-27
  288.50000000 4.548467e-27
  288.60000000 3.043267e-27
  288.70000000 2.008142e-27
  288.80000000 1.306857e-27
  288.90000000 8.387671e-28
  289.00000000 5.309259e-28
  289.10000000 3.314408e-28
  289.20000000 2.040597e-28
  289.30000000 1.239048e-28
  289.40000000 7.419903e-29
  289.50000000 4.382156e-29
  289.60000000 2.552447e-29
  289.70000000 1.466240e-29
  289.80000000 8.306784e-30
  289.90000000 4.641305e-30
  290.00000000 2.557565e-30
  290.10000000 1.389929e-30
  290.20000000 7.449687e-31
  290.30000000 3.937883e-31
  290.40000000 2.052896e-31
  290.50000000 1.055481e-31
  290.60000000 5.351972e-32
  290.70000000 2.676440e-32
  290.80000000 1.320035e-32
  290.90000000 6.421224e-33
  291.00000000 3.081426e-33
  291.10000000 1.460383e-33
  291.20000000 6.872396e-34
  291.30000000 3.294789e-34
  291.40000000 1.791276e-34
  291.50000000 1.454744e-34
  291.60000000 2.062936e-34
  291.70000000 3.946852e-34
  291.80000000 8.146676e-34
  291.90000000 1.691619e-33
  292.00000000 3.478431e-33
  292.10000000 7.060022e-33
  292.20000000 1.413454e-32
  292.30000000 2.790947e-32
  292.40000000 5.435056e-32
  292.50000000 1.043846e-31
  292.60000000 1.977190e-31
  292.70000000 3.693514e-31
  292.80000000 6.804724e-31
  292.90000000 1.236405e-30
  293.00000000 2.215594e-30
  293.10000000 3.915608e-30
  293.20000000 6.824763e-30
  293.30000000 1.173155e-29
  293.40000000 1.988852e-29
  293.50000000 3.325287e-29
  293.60000000 5.483212e-29
  293.70000000 8.917034e-29
  293.80000000 1.430162e-28
  293.90000000 2.262191e-28
  294.00000000 3.529010e-28
  294.10000000 5.429450e-28
  294.20000000 8.238312e-28
  294.30000000 1.232821e-27
  294.40000000 1.819454e-27
  294.50000000 2.648267e-27
  294.60000000 3.801559e-27
  294.70000000 5.381967e-27
  294.80000000 7.514496e-27
  294.90000000 1.034756e-26
  295.00000000 1.405256e-26
  295.10000000 1.882143e-26
  295.20000000 2.486159e-26
  295.30000000 3.238804e-26
  295.40000000 4.161212e-26
  295.50000000 5.272716e-26
  295.60000000 6.589134e-26
  295.70000000 8.120855e-26
  295.80000000 9.870849e-26
  295.90000000 1.183278e-25
  296.00000000 1.398937e-25
  296.10000000 1.631132e-25
  296.20000000 1.875684e-25
  296.30000000 2.127205e-25
  296.40000000 2.379241e-25
  296.50000000 2.624503e-25
  296.60000000 2.855190e-25
  296.70000000 3.063391e-25
  296.80000000 3.241524e-25
  296.90000000 3.382792e-25
  297.00000000 3.481616e-25
  297.10000000 3.533995e-25
  297.20000000 3.537775e-25
  297.30000000 3.492803e-25
  297.40000000 3.400926e-25
  297.50000000 3.265877e-25
  297.60000000 3.093013e-25
  297.70000000 2.888970e-25
  297.80000000 2.661239e-25
  297.90000000 2.417709e-25
  298.00000000 2.166225e-25
  298.10000000 1.914179e-25
  298.20000000 1.668172e-25
  298.30000000 1.433767e-25
  298.40000000 1.215335e-25
  298.50000000 1.015997e-25
  298.60000000 8.376613e-26
  298.70000000 6.811203e-26
  298.80000000 5.462087e-26
  298.90000000 4.319891e-26
  299.00000000 3.369507e-26
  299.10000000 2.592026e-26
  299.20000000 1.966490e-26
  299.30000000 1.471375e-26
  299.40000000 1.085762e-26
  299.50000000 7.901784e-27
  299.60000000 5.671463e-27
  299.70000000 4.014621e-27
  299.80000000 2.802679e-27
  299.90000000 1.929663e-27
  300.00000000 1.310295e-27
